    1   50
    2   51
    3   51
    4   51
    5   51
    6   51
    7   51
    8   51
    9   52
   10   52
   11   52
   12   51
   13   51
   14   51
   15   51
   16   51
   17   51
   18   51
   19   51
   20   51
   21   51
   22   51
   23   51
   24   51
   25   51
   26   51
   27   51
   28   51
   29   51
   30   51
   31   51
   32   51
   33   51
   34   51
   35   51
   36   51
   37   51
   38   51
   39   51
   40   51
   41   51
   42   51
   43   51
   44   51
   45   51
   46   51
   47   51
   48   51
   49   51
   50   51
   51   51
   52   51
   53   51
   54   51
   55   51
   56   51
   57   51
   58   51
   59   51
   60   51
   61   51
   62   51
   63   51
   64   51
   65   51
   66   51
   67   51
   68   51
   69   51
   70   51
   71   51
   72   51
   73   51
   74   51
   75   51
   76   52
   77   52
   78   52
   79   52
   80   52
   81   52
   82   52
   83   52
   84   52
   85   52
   86   52
   87   52
   88   52
   89   52
   90   52
   91   52
   92   52
   93   52
   94   53
   95   53
   96   54
   97   54
   98   54
   99   54
   100    54
   101    54
   102    54
   103    54
   104    54
   105    54
   106    54
   107    54
   108    54
   109    55
   110    55
   111    55
   112    55
   113    55
   114    56
   115    56
   116    56
   117    56
   118    56
   119    57
   120    58
   121    58
   122    58
   123    58
   124    58
   125    58
   126    58
   127    58
   128    58
   129    58
   130    58
   131    58
   132    58
   133    58
   134    58
   135    58
   136    59
   137    59
   138    60
   139    60
   140    61
   141    62
   142    63
   143    63
   144    63
   145    63
   146    63
   147    63
   148    63
   149    63
   150    63
   151    64
   152    64
   153    64
   154    64
   155    64
   156    64
   157    64
   158    64
   159    64
   160    65
   161    66
   162    66
   163    68
   164    68
   165    69
   166    70
   167    71
   168    72
   169    72
   170    74
   171    76
   172    78
   173    78
   174    78
   175    79
   176    80
   177    81
   178    82
   179    82
   180    82
   181    83
   182    85
   183    85
   184    86
   185    87
   186    88
   187    89
   188    89
   189    90
   190    92
   191    92
   192    92
   193    92
   194    92
   195    92
   196    92
   197    90
   198    90
   199    89
   200    89
   201    88
   202    88
   203    88
   204    88
   205    87
   206    87
   207    86
   208    86
   209    85
   210    85
   211    84
   212    84
   213    83
   214    83
   215    83
   216    83
   217    83
   218    82
   219    81
   220    81
   221    81
   222    81
   223    81
   224    81
   225    81
   226    81
   227    81
   228    81
   229    81
   230    81
   231    81
   232    81
   233    81
   234    81
   235    81
   236    81
   237    81
   238    81
   239    81
   240    81
   241    81
   242    81
   243    81
   244    81
   245    81
   246    81
   247    82
   248    83
   249    85
   250    87
   251    87
   252    88
   253    89
   254    90
   255    90
   256    90
   257    91
   258    92
   259    93
   260    93
   261    94
   262    94
   263    95
   264    96
   265    97
   266    97
   267    99
   268   100
   269   101
   270   104
   271   107
   272   110
   273   113
   274   115
   275   119
   276   122
   277   125
   278   128
   279   130
   280   133
   281   137
   282   141
   283   142
   284   142
   285   142
   286   143
   287   143
   288   143
   289   142
   290   142
   291   140
   292   138
   293   135
   294   133
   295   131
   296   128
   297   126
   298   123
   299   119
   300   117
   301   114
   302   110
   303   106
   304   102
   305   101
   306    99
   307    96
   308    94
   309    93
   310    92
   311    91
   312    90
   313    90
   314    91
   315    91
   316    91
   317    91
   318    91
   319    91
   320    91
   321    91
   322    92
   323    92
   324    94
   325    97
   326    98
   327    97
   328    97
   329    97
   330    97
   331    97
   332    97
   333    97
   334    97
   335    98
   336   100
   337   102
   338   104
   339   107
   340   110
   341   114
   342   118
   343   123
   344   129
   345   135
   346   141
   347   146
   348   150
   349   155
   350   160
   351   164
   352   167
   353   170
   354   170
   355   169
   356   168
   357   168
   358   167
   359   164
   360   161
   361   157
   362   153
   363   150
   364   145
   365   141
   366   136
   367   132
   368   127
   369   122
   370   118
   371   115
   372   111
   373   108
   374   105
   375   103
   376   102
   377   101
   378   102
   379   103
   380   104
   381   105
   382   105
   383   106
   384   107
   385   108
   386   109
   387   109
   388   111
   389   113
   390   115
   391   117
   392   117
   393   118
   394   123
   395   128
   396   135
   397   142
   398   149
   399   154
   400   162
   401   170
   402   176
   403   184
   404   192
   405   198
   406   205
   407   207
   408   206
   409   207
   410   207
   411   205
   412   203
   413   198
   414   193
   415   189
   416   183
   417   177
   418   171
   419   165
   420   159
   421   155
   422   150
   423   145
   424   140
   425   135
   426   131
   427   129
   428   127
   429   126
   430   124
   431   123
   432   123
   433   122
   434   122
   435   123
   436   123
   437   124
   438   124
   439   126
   440   128
   441   129
   442   131
   443   134
   444   137
   445   142
   446   149
   447   157
   448   166
   449   176
   450   186
   451   197
   452   209
   453   218
   454   228
   455   238
   456   243
   457   247
   458   250
   459   250
   460   249
   461   246
   462   242
   463   238
   464   234
   465   226
   466   219
   467   209
   468   198
   469   187
   470   177
   471   168
   472   162
   473   157
   474   151
   475   146
   476   141
   477   136
   478   131
   479   128
   480   126
   481   127
   482   128
   483   128
   484   129
   485   130
   486   129
   487   130
   488   130
   489   132
   490   136
   491   142
   492   149
   493   157
   494   166
   495   177
   496   187
   497   196
   498   206
   499   213
   500   217
   501   222
   502   227
   503   232
   504   234
   505   233
   506   232
   507   229
   508   224
   509   219
   510   213
   511   205
   512   199
   513   192
   514   186
   515   179
   516   173
   517   167
   518   163
   519   160
   520   158
   521   156
   522   153
   523   151
   524   149
   525   148
   526   147
   527   147
   528   148
   529   150
   530   152
   531   154
   532   159
   533   165
   534   172
   535   181
   536   189
   537   195
   538   202
   539   209
   540   218
   541   226
   542   232
   543   236
   544   239
   545   240
   546   239
   547   238
   548   234
   549   229
   550   225
   551   219
   552   214
   553   210
   554   204
   555   198
   556   193
   557   189
   558   184
   559   181
   560   177
   561   175
   562   174
   563   172
   564   172
   565   173
   566   174
   567   176
   568   178
   569   182
   570   186
   571   190
   572   195
   573   204
   574   213
   575   223
   576   233
   577   242
   578   248
   579   252
   580   254
   581   255
   582   255
   583   255
   584   255
   585   255
   586   253
   587   246
   588   240
   589   232
   590   225
   591   218
   592   213
   593   208
   594   204
   595   198
   596   194
   597   188
   598   183
   599   177
   600   173
   601   169
   602   167
   603   166
   604   165
   605   166
   606   168
   607   171
   608   177
   609   183
   610   189
   611   194
   612   202
   613   208
   614   214
   615   220
   616   227
   617   233
   618   238
   619   242
   620   246
   621   243
   622   240
   623   234
   624   230
   625   226
   626   225
   627   225
   628   223
   629   220
   630   217
   631   214
   632   210
   633   206
   634   202
   635   199
   636   196
   637   193
   638   191
   639   189
   640   189
   641   190
   642   192
   643   197
   644   203
   645   211
   646   219
   647   227
   648   232
   649   237
   650   240
   651   242
   652   244
   653   245
   654   245
   655   246
   656   246
   657   246
   658   247
   659   246
   660   245
   661   244
   662   244
   663   243
   664   240
   665   237
   666   234
   667   232
   668   230
   669   226
   670   224
   671   221
   672   220
   673   221
   674   222
   675   225
   676   227
   677   230
   678   233
   679   236
   680   239
   681   242
   682   246
   683   249
   684   251
   685   254
   686   255
   687   255
   688   255
   689   255
   690   255
   691   255
   692   252
   693   250
   694   250
   695   250
   696   249
   697   246
   698   244
   699   238
   700   231
   701   224
   702   217
   703   210
   704   207
   705   206
   706   205
   707   204
   708   206
   709   209
   710   212
   711   215
   712   220
   713   226
   714   231
   715   238
   716   244
   717   250
   718   253
   719   255
   720   255
   721   255
   722   255
   723   255
   724   255
   725   255
   726   254
   727   252
   728   251
   729   248
   730   245
   731   242
   732   238
   733   234
   734   232
   735   231
   736   231
   737   230
   738   230
   739   229
   740   230
   741   231
   742   234
   743   238
   744   241
   745   243
   746   246
   747   249
   748   252
   749   255
   750   255
   751   255
   752   255
   753   255
   754   255
   755   255
   756   255
   757   255
   758   255
   759   255
   760   255
   761   255
   762   254
   763   253
   764   253
   765   252
   766   252
   767   252
   768   252
   769   251
   770   251
   771   251
   772   252
   773   252
   774   252
   775   252
   776   253
   777   253
   778   254
   779   255
   780   255
   781   255
   782   255
   783   255
   784   255
   785   255
   786   255
   787   255
   788   255
   789   255
   790   255
   791   251
   792   243
   793   236
   794   231
   795   227
   796   227
   797   232
   798   238
   799   243
   800   247
   801   251
   802   253
   803   254
   804   254
   805   253
   806   253
   807   254
   808   254
   809   254
   810   253
   811   254
   812   253
   813   253
   814   253
   815   253
   816   253
   817   253
   818   253
   819   253
   820   253
   821   254
   822   254
   823   255
   824   255
   825   255
   826   255
   827   255
   828   255
   829   255
   830   255
   831   254
   832   254
   833   253
   834   253
   835   253
   836   253
   837   253
   838   253
   839   253
   840   253
   841   253
   842   254
   843   254
   844   255
   845   255
   846   255
