    1   53
    2   54
    3   54
    4   54
    5   54
    6   54
    7   54
    8   54
    9   55
   10   55
   11   55
   12   54
   13   54
   14   54
   15   54
   16   54
   17   54
   18   54
   19   54
   20   54
   21   54
   22   54
   23   54
   24   54
   25   54
   26   54
   27   54
   28   54
   29   54
   30   54
   31   54
   32   54
   33   54
   34   54
   35   54
   36   54
   37   54
   38   54
   39   54
   40   54
   41   54
   42   54
   43   54
   44   54
   45   54
   46   54
   47   54
   48   54
   49   54
   50   54
   51   54
   52   54
   53   54
   54   54
   55   54
   56   54
   57   54
   58   54
   59   54
   60   54
   61   54
   62   54
   63   54
   64   54
   65   54
   66   54
   67   54
   68   54
   69   54
   70   54
   71   54
   72   54
   73   55
   74   55
   75   55
   76   55
   77   55
   78   55
   79   55
   80   55
   81   55
   82   55
   83   55
   84   55
   85   55
   86   55
   87   55
   88   55
   89   55
   90   55
   91   55
   92   55
   93   55
   94   55
   95   55
   96   55
   97   56
   98   58
   99   58
   100    58
   101    58
   102    58
   103    58
   104    58
   105    58
   106    58
   107    58
   108    58
   109    58
   110    58
   111    58
   112    58
   113    58
   114    59
   115    59
   116    60
   117    61
   118    61
   119    62
   120    62
   121    63
   122    63
   123    63
   124    63
   125    63
   126    63
   127    63
   128    63
   129    64
   130    64
   131    64
   132    64
   133    64
   134    64
   135    64
   136    65
   137    65
   138    65
   139    66
   140    66
   141    66
   142    66
   143    67
   144    68
   145    69
   146    69
   147    69
   148    70
   149    70
   150    71
   151    73
   152    73
   153    74
   154    74
   155    75
   156    75
   157    77
   158    78
   159    78
   160    79
   161    80
   162    80
   163    80
   164    80
   165    80
   166    81
   167    83
   168    84
   169    85
   170    85
   171    86
   172    87
   173    88
   174    88
   175    89
   176    89
   177    89
   178    89
   179    88
   180    88
   181    88
   182    88
   183    88
   184    87
   185    85
   186    85
   187    85
   188    85
   189    85
   190    85
   191    85
   192    85
   193    85
   194    85
   195    85
   196    85
   197    85
   198    85
   199    85
   200    84
   201    84
   202    83
   203    83
   204    83
   205    82
   206    82
   207    82
   208    82
   209    82
   210    82
   211    82
   212    82
   213    82
   214    82
   215    82
   216    82
   217    82
   218    82
   219    82
   220    82
   221    82
   222    82
   223    82
   224    82
   225    82
   226    82
   227    82
   228    81
   229    81
   230    82
   231    82
   232    83
   233    83
   234    85
   235    86
   236    88
   237    88
   238    89
   239    89
   240    89
   241    89
   242    89
   243    89
   244    88
   245    89
   246    90
   247    90
   248    91
   249    93
   250    94
   251    95
   252    96
   253    97
   254    98
   255    99
   256    99
   257    99
   258   100
   259   100
   260   100
   261   101
   262   102
   263   104
   264   106
   265   109
   266   112
   267   115
   268   116
   269   118
   270   121
   271   125
   272   127
   273   128
   274   129
   275   132
   276   135
   277   138
   278   140
   279   144
   280   146
   281   147
   282   148
   283   149
   284   149
   285   149
   286   147
   287   145
   288   142
   289   140
   290   137
   291   135
   292   132
   293   129
   294   128
   295   124
   296   121
   297   118
   298   116
   299   113
   300   110
   301   107
   302   104
   303   101
   304    99
   305    97
   306    95
   307    93
   308    92
   309    92
   310    92
   311    92
   312    92
   313    93
   314    93
   315    94
   316    94
   317    94
   318    95
   319    95
   320    95
   321    95
   322    96
   323    97
   324    98
   325    99
   326    99
   327    99
   328    99
   329   100
   330   101
   331   102
   332   102
   333   102
   334   102
   335   103
   336   103
   337   104
   338   106
   339   108
   340   112
   341   116
   342   119
   343   125
   344   131
   345   137
   346   143
   347   148
   348   153
   349   158
   350   163
   351   168
   352   171
   353   174
   354   176
   355   178
   356   179
   357   181
   358   181
   359   180
   360   178
   361   175
   362   171
   363   167
   364   161
   365   155
   366   148
   367   145
   368   143
   369   140
   370   135
   371   130
   372   126
   373   124
   374   122
   375   120
   376   119
   377   118
   378   119
   379   119
   380   119
   381   119
   382   118
   383   120
   384   121
   385   123
   386   127
   387   131
   388   135
   389   138
   390   141
   391   146
   392   155
   393   165
   394   173
   395   180
   396   188
   397   195
   398   201
   399   207
   400   213
   401   218
   402   219
   403   217
   404   215
   405   213
   406   210
   407   205
   408   200
   409   194
   410   188
   411   183
   412   177
   413   169
   414   161
   415   155
   416   150
   417   146
   418   141
   419   138
   420   135
   421   132
   422   130
   423   128
   424   126
   425   125
   426   124
   427   125
   428   126
   429   126
   430   126
   431   126
   432   128
   433   130
   434   131
   435   131
   436   132
   437   132
   438   131
   439   132
   440   138
   441   142
   442   147
   443   154
   444   161
   445   170
   446   181
   447   192
   448   203
   449   213
   450   223
   451   232
   452   241
   453   248
   454   252
   455   255
   456   255
   457   253
   458   252
   459   249
   460   246
   461   240
   462   235
   463   230
   464   222
   465   213
   466   204
   467   195
   468   185
   469   175
   470   168
   471   161
   472   156
   473   151
   474   146
   475   142
   476   140
   477   136
   478   133
   479   130
   480   130
   481   131
   482   132
   483   133
   484   134
   485   135
   486   136
   487   137
   488   139
   489   141
   490   143
   491   148
   492   152
   493   158
   494   166
   495   177
   496   188
   497   198
   498   207
   499   215
   500   222
   501   229
   502   237
   503   244
   504   249
   505   247
   506   245
   507   243
   508   239
   509   235
   510   232
   511   227
   512   223
   513   216
   514   208
   515   201
   516   194
   517   187
   518   183
   519   179
   520   176
   521   173
   522   171
   523   170
   524   171
   525   173
   526   175
   527   176
   528   178
   529   188
   530   200
   531   211
   532   217
   533   223
   534   229
   535   235
   536   242
   537   246
   538   249
   539   251
   540   253
   541   253
   542   252
   543   247
   544   241
   545   236
   546   231
   547   225
   548   218
   549   211
   550   206
   551   200
   552   195
   553   191
   554   187
   555   183
   556   179
   557   176
   558   174
   559   174
   560   174
   561   174
   562   174
   563   175
   564   176
   565   178
   566   179
   567   183
   568   187
   569   194
   570   203
   571   211
   572   220
   573   232
   574   243
   575   249
   576   254
   577   255
   578   255
   579   255
   580   255
   581   255
   582   255
   583   255
   584   255
   585   255
   586   252
   587   246
   588   240
   589   231
   590   221
   591   213
   592   207
   593   201
   594   199
   595   196
   596   194
   597   189
   598   184
   599   177
   600   173
   601   169
   602   168
   603   167
   604   167
   605   169
   606   172
   607   177
   608   183
   609   189
   610   195
   611   201
   612   209
   613   216
   614   223
   615   228
   616   235
   617   240
   618   244
   619   249
   620   253
   621   255
   622   255
   623   255
   624   254
   625   251
   626   250
   627   250
   628   249
   629   244
   630   238
   631   234
   632   230
   633   225
   634   222
   635   220
   636   219
   637   220
   638   223
   639   226
   640   228
   641   232
   642   236
   643   242
   644   249
   645   252
   646   254
   647   255
   648   255
   649   255
   650   255
   651   255
   652   254
   653   253
   654   252
   655   250
   656   248
   657   247
   658   247
   659   249
   660   252
   661   251
   662   247
   663   244
   664   238
   665   231
   666   225
   667   223
   668   220
   669   220
   670   223
   671   226
   672   228
   673   230
   674   231
   675   234
   676   237
   677   239
   678   243
   679   246
   680   249
   681   251
   682   253
   683   254
   684   255
   685   255
   686   255
   687   253
   688   253
   689   255
   690   255
   691   255
   692   255
   693   255
   694   255
   695   255
   696   253
   697   247
   698   240
   699   231
   700   223
   701   218
   702   217
   703   216
   704   216
   705   213
   706   209
   707   208
   708   209
   709   211
   710   216
   711   221
   712   226
   713   233
   714   240
   715   246
   716   250
   717   255
   718   255
   719   255
   720   255
   721   254
   722   253
   723   253
   724   254
   725   254
   726   255
   727   255
   728   255
   729   255
   730   255
   731   255
   732   255
   733   255
   734   255
   735   255
   736   255
   737   255
   738   255
   739   255
   740   255
   741   255
   742   255
   743   255
   744   255
   745   255
   746   255
   747   255
   748   255
   749   255
   750   255
   751   255
   752   255
   753   255
   754   255
   755   255
   756   255
   757   255
   758   255
   759   255
   760   255
   761   255
   762   255
   763   255
   764   255
   765   255
   766   255
   767   255
   768   255
   769   255
   770   255
   771   255
   772   255
   773   255
   774   255
   775   255
   776   255
   777   255
   778   255
   779   255
   780   255
   781   255
   782   255
   783   255
   784   255
   785   255
   786   254
   787   253
   788   253
   789   253
   790   253
   791   252
   792   250
   793   247
   794   242
   795   238
   796   236
   797   238
   798   240
   799   243
   800   246
   801   249
   802   252
   803   255
   804   255
   805   255
   806   254
   807   253
   808   253
   809   252
   810   253
   811   254
   812   255
   813   255
   814   255
   815   255
   816   255
   817   255
   818   255
   819   255
   820   255
   821   255
   822   255
   823   255
   824   255
   825   255
   826   255
   827   255
   828   255
   829   255
   830   255
   831   255
   832   255
   833   255
   834   255
   835   255
   836   255
   837   255
   838   255
   839   255
   840   255
   841   255
   842   255
   843   255
   844   255
   845   255
   846   255
