    1   42
    2   42
    3   42
    4   43
    5   44
    6   44
    7   44
    8   44
    9   46
   10   46
   11   46
   12   45
   13   45
   14   45
   15   45
   16   45
   17   45
   18   45
   19   45
   20   45
   21   45
   22   45
   23   45
   24   45
   25   45
   26   45
   27   45
   28   45
   29   45
   30   45
   31   45
   32   45
   33   45
   34   45
   35   45
   36   45
   37   45
   38   45
   39   45
   40   45
   41   45
   42   45
   43   45
   44   45
   45   45
   46   45
   47   45
   48   45
   49   45
   50   45
   51   45
   52   45
   53   45
   54   45
   55   45
   56   45
   57   45
   58   45
   59   45
   60   45
   61   45
   62   45
   63   45
   64   45
   65   45
   66   45
   67   45
   68   45
   69   45
   70   45
   71   45
   72   45
   73   45
   74   45
   75   45
   76   45
   77   45
   78   45
   79   45
   80   45
   81   45
   82   45
   83   45
   84   45
   85   45
   86   45
   87   45
   88   45
   89   45
   90   45
   91   45
   92   45
   93   45
   94   45
   95   45
   96   45
   97   46
   98   46
   99   47
   100    47
   101    47
   102    47
   103    47
   104    47
   105    47
   106    47
   107    47
   108    47
   109    47
   110    47
   111    47
   112    47
   113    47
   114    47
   115    47
   116    47
   117    47
   118    47
   119    47
   120    48
   121    48
   122    48
   123    48
   124    48
   125    48
   126    48
   127    48
   128    48
   129    48
   130    49
   131    49
   132    49
   133    49
   134    49
   135    49
   136    49
   137    50
   138    50
   139    51
   140    51
   141    52
   142    52
   143    52
   144    52
   145    52
   146    52
   147    52
   148    52
   149    52
   150    52
   151    52
   152    52
   153    52
   154    52
   155    52
   156    52
   157    52
   158    52
   159    53
   160    53
   161    54
   162    55
   163    56
   164    57
   165    57
   166    57
   167    57
   168    57
   169    57
   170    57
   171    57
   172    57
   173    57
   174    58
   175    58
   176    58
   177    58
   178    58
   179    58
   180    58
   181    59
   182    61
   183    61
   184    63
   185    64
   186    64
   187    65
   188    66
   189    66
   190    66
   191    66
   192    66
   193    66
   194    67
   195    68
   196    70
   197    70
   198    70
   199    70
   200    70
   201    70
   202    70
   203    70
   204    70
   205    71
   206    72
   207    72
   208    73
   209    74
   210    74
   211    77
   212    79
   213    80
   214    81
   215    83
   216    85
   217    87
   218    89
   219    91
   220    94
   221    96
   222    97
   223    99
   224   100
   225   100
   226   101
   227   102
   228   102
   229   104
   230   105
   231   105
   232   105
   233   105
   234   105
   235   103
   236   102
   237   100
   238    99
   239    98
   240    96
   241    94
   242    93
   243    93
   244    93
   245    92
   246    91
   247    91
   248    89
   249    88
   250    87
   251    86
   252    86
   253    85
   254    85
   255    84
   256    85
   257    86
   258    87
   259    87
   260    89
   261    90
   262    90
   263    91
   264    91
   265    92
   266    92
   267    92
   268    92
   269    92
   270    90
   271    90
   272    89
   273    89
   274    89
   275    91
   276    93
   277    95
   278    98
   279   101
   280   103
   281   105
   282   106
   283   109
   284   113
   285   116
   286   120
   287   124
   288   128
   289   132
   290   136
   291   138
   292   141
   293   143
   294   144
   295   146
   296   147
   297   145
   298   143
   299   141
   300   139
   301   138
   302   137
   303   137
   304   135
   305   131
   306   126
   307   122
   308   119
   309   116
   310   112
   311   108
   312   106
   313   105
   314   103
   315   102
   316   100
   317    97
   318    96
   319    96
   320    95
   321    93
   322    93
   323    92
   324    93
   325    95
   326    95
   327    94
   328    93
   329    94
   330    95
   331    97
   332    99
   333   101
   334   104
   335   109
   336   114
   337   117
   338   121
   339   124
   340   128
   341   133
   342   137
   343   140
   344   144
   345   149
   346   152
   347   153
   348   153
   349   152
   350   152
   351   148
   352   143
   353   138
   354   134
   355   131
   356   127
   357   122
   358   118
   359   115
   360   110
   361   106
   362   101
   363    95
   364    92
   365    90
   366    88
   367    86
   368    84
   369    83
   370    82
   371    82
   372    82
   373    81
   374    80
   375    80
   376    80
   377    80
   378    80
   379    81
   380    81
   381    81
   382    81
   383    81
   384    81
   385    81
   386    81
   387    82
   388    82
   389    83
   390    84
   391    85
   392    85
   393    85
   394    86
   395    87
   396    88
   397    89
   398    90
   399    92
   400    93
   401    93
   402    94
   403    96
   404    98
   405    99
   406    99
   407   100
   408   102
   409   104
   410   105
   411   105
   412   106
   413   110
   414   116
   415   121
   416   126
   417   130
   418   138
   419   145
   420   151
   421   158
   422   166
   423   173
   424   180
   425   187
   426   192
   427   195
   428   198
   429   196
   430   193
   431   191
   432   189
   433   188
   434   184
   435   179
   436   174
   437   169
   438   163
   439   158
   440   154
   441   150
   442   146
   443   142
   444   137
   445   134
   446   132
   447   130
   448   129
   449   129
   450   131
   451   136
   452   142
   453   148
   454   158
   455   168
   456   176
   457   187
   458   195
   459   206
   460   217
   461   226
   462   232
   463   238
   464   241
   465   243
   466   244
   467   240
   468   234
   469   230
   470   223
   471   217
   472   212
   473   205
   474   198
   475   187
   476   175
   477   165
   478   160
   479   154
   480   149
   481   145
   482   141
   483   137
   484   134
   485   132
   486   135
   487   139
   488   144
   489   149
   490   154
   491   161
   492   170
   493   180
   494   187
   495   195
   496   203
   497   209
   498   214
   499   216
   500   216
   501   216
   502   214
   503   209
   504   204
   505   199
   506   193
   507   188
   508   181
   509   174
   510   168
   511   162
   512   156
   513   148
   514   140
   515   133
   516   129
   517   126
   518   123
   519   121
   520   119
   521   118
   522   117
   523   115
   524   113
   525   111
   526   111
   527   111
   528   111
   529   111
   530   111
   531   111
   532   111
   533   111
   534   112
   535   113
   536   113
   537   114
   538   115
   539   116
   540   116
   541   116
   542   118
   543   121
   544   124
   545   128
   546   133
   547   139
   548   145
   549   151
   550   158
   551   169
   552   180
   553   189
   554   196
   555   203
   556   209
   557   214
   558   219
   559   223
   560   226
   561   226
   562   224
   563   222
   564   220
   565   219
   566   217
   567   213
   568   208
   569   203
   570   199
   571   194
   572   191
   573   188
   574   186
   575   187
   576   189
   577   193
   578   203
   579   214
   580   222
   581   232
   582   241
   583   247
   584   251
   585   253
   586   254
   587   254
   588   254
   589   254
   590   253
   591   252
   592   252
   593   250
   594   240
   595   229
   596   220
   597   213
   598   205
   599   199
   600   195
   601   190
   602   188
   603   187
   604   186
   605   187
   606   188
   607   191
   608   198
   609   204
   610   209
   611   215
   612   218
   613   219
   614   220
   615   223
   616   226
   617   230
   618   230
   619   227
   620   224
   621   218
   622   211
   623   205
   624   200
   625   195
   626   190
   627   187
   628   183
   629   179
   630   174
   631   171
   632   167
   633   163
   634   161
   635   160
   636   158
   637   156
   638   154
   639   151
   640   150
   641   149
   642   148
   643   149
   644   149
   645   149
   646   149
   647   149
   648   148
   649   148
   650   148
   651   150
   652   152
   653   155
   654   160
   655   165
   656   169
   657   173
   658   177
   659   181
   660   186
   661   190
   662   197
   663   204
   664   213
   665   223
   666   232
   667   239
   668   247
   669   249
   670   243
   671   237
   672   237
   673   234
   674   235
   675   235
   676   234
   677   235
   678   236
   679   238
   680   237
   681   235
   682   233
   683   232
   684   233
   685   235
   686   241
   687   246
   688   250
   689   254
   690   255
   691   255
   692   255
   693   255
   694   255
   695   255
   696   254
   697   251
   698   249
   699   249
   700   249
   701   248
   702   241
   703   234
   704   228
   705   223
   706   220
   707   221
   708   223
   709   228
   710   235
   711   243
   712   248
   713   246
   714   244
   715   240
   716   236
   717   234
   718   235
   719   238
   720   242
   721   246
   722   249
   723   248
   724   242
   725   237
   726   229
   727   217
   728   208
   729   201
   730   196
   731   194
   732   196
   733   198
   734   197
   735   193
   736   191
   737   190
   738   188
   739   188
   740   186
   741   184
   742   182
   743   181
   744   179
   745   179
   746   178
   747   177
   748   176
   749   177
   750   179
   751   182
   752   187
   753   194
   754   201
   755   209
   756   219
   757   229
   758   237
   759   242
   760   247
   761   250
   762   252
   763   254
   764   254
   765   254
   766   253
   767   254
   768   254
   769   254
   770   253
   771   252
   772   251
   773   249
   774   248
   775   248
   776   249
   777   250
   778   250
   779   250
   780   252
   781   253
   782   255
   783   255
   784   255
   785   255
   786   255
   787   255
   788   255
   789   255
   790   255
   791   255
   792   255
   793   255
   794   254
   795   252
   796   249
   797   242
   798   236
   799   235
   800   238
   801   241
   802   247
   803   253
   804   255
   805   255
   806   255
   807   255
   808   255
   809   255
   810   255
   811   255
   812   254
   813   251
   814   248
   815   245
   816   242
   817   238
   818   235
   819   232
   820   230
   821   231
   822   231
   823   232
   824   233
   825   235
   826   234
   827   229
   828   225
   829   220
   830   214
   831   210
   832   207
   833   204
   834   203
   835   204
   836   205
   837   210
   838   214
   839   220
   840   226
   841   233
   842   238
   843   243
   844   247
   845   250
   846   253
