10.000 0.020 120.000
18.767
19.300
18.233
18.767
17.533
18.767
18.900
18.767
16.933
17.000
17.400
18.033
17.067
17.833
17.367
16.933
16.933
17.767
14.767
16.600
16.700
16.867
17.133
15.467
15.833
16.600
15.167
16.900
16.400
15.633
16.267
16.100
15.567
15.967
16.733
15.900
15.100
15.467
14.600
15.467
14.900
16.200
16.300
15.100
14.967
15.467
14.133
15.233
14.733
14.367
16.267
13.833
13.900
14.733
16.267
15.800
15.333
14.333
14.667
15.033
14.633
14.067
14.333
14.500
13.833
14.100
13.833
14.800
13.933
14.733
13.567
13.767
13.500
13.800
13.900
13.967
13.867
15.167
14.067
13.600
15.333
13.200
13.867
13.867
12.700
13.700
12.967
13.633
13.967
13.567
13.367
13.067
13.667
13.033
13.033
12.700
11.600
12.200
13.200
12.567
12.467
13.967
13.167
13.367
12.433
12.400
11.333
12.833
11.533
12.467
12.333
12.767
12.067
12.233
13.033
12.867
11.767
13.300
12.567
11.333
12.200
13.400
12.467
11.100
12.000
11.767
12.267
13.233
12.367
12.500
12.467
11.333
11.800
13.233
11.600
12.500
11.733
11.700
12.533
11.467
12.233
11.667
11.800
12.633
11.800
12.167
11.833
11.567
11.600
12.333
10.667
10.500
10.900
12.467
11.967
10.900
11.300
10.533
11.300
10.267
10.767
10.667
10.833
11.100
9.833
9.633
9.800
10.767
10.100
10.167
9.700
10.667
11.100
10.700
11.133
11.067
10.933
10.400
10.533
9.900
10.167
10.767
10.267
10.500
11.033
10.533
11.133
11.067
8.867
10.567
10.133
11.133
9.167
9.500
10.600
9.733
9.333
9.467
9.200
9.333
9.733
10.467
9.600
9.333
9.900
9.300
9.600
9.200
9.233
8.667
9.533
9.833
9.700
9.500
9.633
9.667
9.233
10.100
9.833
8.367
8.533
9.167
8.867
9.233
9.833
9.567
9.367
9.567
9.567
9.367
8.400
9.767
8.933
8.900
8.400
9.433
8.767
8.967
8.900
7.967
9.100
7.600
9.667
8.500
7.700
8.700
7.767
8.400
8.800
8.833
8.733
9.600
8.667
8.633
7.933
8.767
8.333
7.567
7.500
8.133
7.600
9.067
8.900
9.433
7.433
7.967
8.700
9.000
8.067
9.300
8.233
8.000
8.533
8.067
8.333
7.633
8.400
9.100
8.033
9.000
8.267
8.300
8.033
7.967
8.833
8.167
7.700
8.267
7.700
7.967
8.000
8.367
8.267
7.833
7.967
7.733
9.033
7.900
7.033
8.133
8.167
8.033
7.633
7.733
7.867
7.500
8.167
7.567
8.767
7.667
7.367
8.133
8.433
6.700
7.967
7.200
6.733
7.200
8.467
7.267
7.567
7.333
7.400
7.633
7.200
8.000
6.433
7.700
8.300
7.200
7.900
8.033
7.567
7.200
7.100
6.800
7.167
7.200
7.267
7.500
6.067
6.867
7.600
7.567
7.067
7.567
7.533
7.767
6.500
7.033
7.700
7.433
7.800
7.167
6.867
7.467
7.600
7.500
8.067
6.600
7.000
7.467
6.900
6.667
7.667
6.667
7.767
7.033
7.833
7.300
8.567
7.300
7.267
7.800
7.700
6.667
7.767
7.767
8.033
6.900
7.033
6.967
7.933
7.533
7.567
7.633
7.433
7.033
7.867
7.100
7.133
7.400
7.333
8.767
7.800
7.900
7.967
8.600
7.933
7.867
7.233
7.367
8.300
7.433
7.300
8.733
7.467
7.367
8.367
8.733
7.400
7.700
7.433
7.500
8.133
7.467
7.033
7.333
8.100
7.200
7.567
6.467
7.633
7.500
7.633
7.833
7.067
6.967
7.133
7.700
7.400
7.333
7.533
7.733
7.100
6.867
6.767
6.533
6.767
7.033
7.567
7.200
6.767
7.500
7.067
6.533
6.633
7.700
6.533
7.167
6.600
6.500
5.933
5.433
6.567
6.833
7.367
7.133
6.833
6.600
6.833
6.500
6.667
5.900
6.367
6.667
7.233
6.233
6.900
6.333
5.700
5.500
6.567
6.367
6.800
6.233
5.867
5.567
5.533
6.300
6.767
5.500
6.300
5.500
6.267
5.633
5.967
6.933
5.500
5.600
6.067
6.600
6.567
5.967
6.767
5.667
5.433
5.733
6.033
5.967
6.533
6.633
6.200
6.533
5.500
6.167
5.967
6.167
6.367
6.800
6.867
5.733
6.267
5.667
6.633
6.233
7.000
6.767
6.767
6.667
6.967
7.167
7.000
7.033
6.567
6.633
6.433
6.733
7.633
7.667
6.167
6.933
6.867
7.067
6.367
7.533
6.933
7.567
7.467
7.567
6.700
7.100
7.267
7.433
7.000
7.133
6.600
6.000
7.900
6.300
7.900
7.167
7.167
6.700
7.300
6.933
7.100
6.867
7.333
7.600
6.600
6.033
7.233
7.633
6.667
6.333
7.200
6.467
6.233
6.400
6.400
7.033
7.400
6.600
6.833
7.000
7.000
6.600
6.433
5.633
6.800
7.400
6.200
6.000
6.267
5.500
6.733
6.633
6.000
5.233
6.367
5.900
5.800
6.167
5.933
5.833
6.333
5.967
5.967
6.267
5.033
5.567
6.767
5.567
5.300
6.367
5.933
6.167
6.200
5.500
5.967
5.700
5.700
5.300
5.100
5.033
4.500
5.533
6.467
5.500
6.067
6.067
4.833
5.900
5.333
5.300
6.300
5.400
5.033
5.200
5.467
5.200
4.667
5.033
4.533
5.000
5.400
5.600
4.933
5.267
5.567
4.933
4.667
5.167
4.433
4.700
5.067
4.200
5.500
4.400
5.033
4.867
4.600
4.167
4.200
4.167
4.600
4.700
4.967
5.133
4.267
4.767
4.500
5.167
4.600
4.700
4.200
3.800
4.767
4.567
4.667
4.967
5.133
5.033
4.633
3.533
4.767
5.267
4.767
4.367
4.467
4.767
4.500
4.200
4.967
4.367
4.933
4.167
4.833
4.267
4.567
4.767
4.300
4.867
3.933
5.100
4.200
4.500
5.033
4.633
5.400
3.700
4.167
4.667
4.700
4.233
4.633
4.700
4.400
4.700
4.733
4.133
3.900
4.467
3.700
4.533
4.633
3.967
4.700
4.533
4.667
4.067
5.033
4.867
4.000
4.233
4.500
4.367
3.800
3.833
4.300
3.567
4.533
3.933
4.367
4.267
4.500
4.033
3.733
4.233
3.600
4.667
4.167
3.867
4.500
4.733
4.400
4.167
4.300
4.100
4.233
4.667
4.367
4.367
4.033
4.100
4.933
3.900
4.333
4.800
3.500
4.067
4.167
3.867
3.700
4.433
4.833
4.000
4.033
3.967
4.467
3.633
3.733
3.567
4.467
3.933
3.833
4.033
4.800
4.300
4.033
4.067
4.433
4.233
4.300
4.733
4.000
3.433
4.067
4.200
4.700
4.667
4.000
3.633
4.200
3.600
4.000
3.533
3.600
3.633
4.567
4.600
3.900
3.767
3.767
4.100
4.300
3.967
3.567
4.000
4.100
3.533
4.067
3.567
3.767
4.300
3.800
4.267
3.767
4.167
3.733
3.800
4.033
4.600
4.000
3.433
4.400
4.567
4.233
3.867
4.000
3.500
3.600
4.033
4.100
3.867
4.233
3.833
3.867
3.533
4.100
3.500
3.967
3.533
4.133
3.767
3.533
3.267
3.700
3.500
3.167
3.633
3.667
3.833
3.700
4.067
3.567
3.800
3.633
3.333
4.033
3.700
3.633
3.667
3.700
3.567
3.733
3.967
4.133
3.633
3.500
3.367
3.533
3.233
3.433
3.600
3.467
3.433
3.967
3.400
3.433
3.767
3.467
3.533
3.200
3.567
3.667
4.200
3.533
3.167
4.267
3.800
2.933
3.400
3.000
4.767
3.767
3.067
3.833
3.500
3.300
3.900
3.000
3.700
3.533
3.067
3.867
3.900
3.633
3.767
3.867
3.167
4.133
3.600
3.267
3.133
2.933
3.733
3.533
3.533
3.767
3.467
3.500
3.867
3.667
4.100
3.600
3.633
3.667
3.333
3.300
3.967
4.400
3.633
4.033
3.700
4.100
4.233
3.900
4.000
4.067
3.333
3.667
3.167
3.933
3.833
3.633
3.567
3.833
3.933
3.433
3.400
3.800
4.033
4.133
3.933
3.367
3.700
3.833
3.800
4.433
4.167
4.300
4.333
4.100
4.133
4.200
3.967
3.900
4.200
3.333
4.000
4.333
4.267
4.233
3.500
3.967
4.367
4.133
4.033
3.567
3.267
3.900
4.200
3.933
3.733
3.933
4.133
3.733
4.200
3.833
3.767
4.267
4.300
4.300
4.267
3.867
3.833
3.633
4.100
4.167
3.367
4.000
3.933
3.533
3.767
4.033
3.900
4.100
3.933
4.433
4.467
3.800
3.933
3.667
4.567
3.967
3.833
4.067
3.533
3.667
4.333
3.467
3.800
4.067
3.667
4.267
4.000
3.933
3.433
4.200
3.667
4.333
3.500
4.300
3.567
3.933
3.933
3.700
3.900
4.133
3.800
3.933
3.367
4.267
4.233
4.100
4.333
3.867
4.000
4.200
3.233
3.133
4.233
3.567
3.967
3.967
3.967
4.600
3.833
3.733
5.133
4.667
4.767
5.200
5.467
4.733
4.167
4.700
4.867
4.133
4.333
4.700
4.733
4.400
5.567
4.067
4.567
3.700
5.067
4.000
4.233
3.900
4.400
3.333
4.300
4.167
3.767
3.800
3.000
3.300
3.267
3.767
3.767
3.667
3.933
3.100
3.300
3.633
3.033
3.700
2.833
3.567
3.200
3.600
3.000
3.333
3.767
3.367
3.133
3.800
3.067
2.767
3.667
3.200
3.267
2.933
3.700
3.467
3.233
3.100
3.700
3.067
3.667
3.267
3.600
3.733
3.100
3.300
3.033
3.600
3.333
3.200
2.967
3.500
3.067
3.467
3.600
2.867
3.367
2.833
3.233
3.267
3.067
2.800
3.333
3.100
2.900
3.100
3.133
3.200
3.000
3.133
3.133
3.300
3.033
3.367
3.500
3.333
3.567
2.600
2.700
2.800
3.000
3.300
3.233
3.333
2.967
3.433
3.700
3.733
3.833
2.800
3.033
3.467
3.867
3.300
3.000
3.167
3.267
3.167
3.133
3.800
3.000
3.300
3.100
3.333
3.167
2.933
2.867
3.100
3.467
3.267
2.867
3.500
4.267
3.867
3.533
3.567
2.933
3.367
3.267
3.400
2.733
3.633
3.333
3.800
3.800
3.567
3.533
3.533
3.633
3.933
3.300
4.133
3.300
3.867
4.100
3.633
3.833
3.767
3.300
3.233
3.833
3.700
4.033
3.500
4.667
3.767
4.233
4.267
4.533
4.633
4.633
4.667
4.767
3.833
4.900
4.533
5.000
4.600
5.167
4.567
5.067
4.333
5.333
5.267
5.133
5.200
5.567
5.533
5.400
5.033
5.700
6.033
6.033
6.433
5.933
6.400
7.200
6.933
7.900
8.000
8.033
9.700
9.933
11.867
12.067
13.267
14.367
15.833
18.067
21.167
23.367
24.133
31.200
36.667
43.467
54.200
65.200
79.033
102.633
139.433
191.933
237.300
296.533
341.900
397.267
454.333
471.733
424.767
377.900
358.767
347.733
310.300
245.833
192.633
149.900
115.700
95.600
78.700
59.900
46.200
35.367
29.133
23.200
20.833
19.367
16.167
16.167
13.767
12.267
10.900
10.933
9.767
10.200
8.500
8.933
8.533
7.633
8.600
8.633
7.033
7.900
7.667
6.433
7.667
6.167
6.033
5.767
6.133
6.367
5.467
5.267
5.100
4.467
5.100
4.800
5.633
5.767
4.533
5.000
4.367
5.567
5.000
4.833
4.267
5.200
4.567
4.433
4.433
4.067
4.533
3.667
4.267
3.867
4.233
3.733
3.233
4.400
3.733
3.967
3.767
3.500
3.900
3.567
4.000
3.100
4.433
3.833
3.300
3.233
3.467
3.533
3.867
3.433
3.667
3.433
3.167
3.333
3.033
3.433
2.933
3.233
3.567
3.533
3.700
3.500
2.833
3.700
3.233
3.467
3.100
2.833
3.167
2.367
3.600
2.967
3.067
2.967
3.300
3.633
2.633
2.433
3.233
2.733
3.100
2.667
2.567
3.400
2.867
2.867
2.533
2.567
3.067
2.600
2.667
3.600
2.900
3.033
2.600
2.700
3.133
2.667
2.867
3.067
2.967
2.767
2.833
3.300
3.100
2.533
2.567
2.300
2.433
2.667
2.800
3.033
3.200
2.700
2.800
2.733
3.133
2.467
2.433
3.000
2.733
2.633
2.433
3.067
2.733
2.433
3.167
3.067
2.200
2.133
2.700
3.267
2.967
2.800
2.100
2.567
3.033
2.800
2.200
2.600
2.500
3.233
2.200
2.600
2.700
2.967
2.533
2.733
2.767
2.667
2.933
2.833
2.633
2.333
2.467
2.633
2.500
2.333
3.200
3.100
2.967
3.300
2.867
2.600
3.033
3.033
2.800
3.067
2.367
2.633
2.467
2.733
2.967
3.133
2.900
2.933
2.800
2.833
3.467
3.367
2.767
3.167
3.167
3.100
3.300
3.533
3.567
3.800
3.967
3.800
3.600
3.867
3.600
3.967
3.800
3.967
3.467
3.933
4.400
4.567
3.733
5.167
4.833
4.100
4.533
4.867
4.767
4.700
5.067
4.700
5.767
4.600
5.200
5.700
5.433
5.533
7.467
5.900
6.100
6.100
6.500
6.567
6.767
6.633
7.633
8.400
8.067
9.267
9.667
11.867
12.067
12.467
15.400
17.867
20.300
21.000
24.833
29.967
35.133
40.367
50.433
57.867
67.267
84.533
104.333
137.167
185.467
267.067
376.067
461.100
537.567
579.733
599.667
655.700
728.267
772.500
719.933
614.933
528.933
459.433
427.433
375.033
292.600
228.067
170.000
129.467
98.133
77.167
66.167
61.067
49.767
34.433
30.767
28.800
28.300
26.200
20.667
17.233
15.933
13.400
14.400
11.933
11.567
9.967
10.667
10.367
9.233
9.300
9.100
8.267
7.700
8.133
7.233
7.833
7.467
7.400
7.267
5.700
6.767
6.733
6.033
6.267
5.533
5.467
5.933
5.400
4.700
3.933
5.333
5.367
5.000
4.333
4.667
4.933
5.133
5.500
4.767
4.667
4.200
4.680
4.160
4.600
4.040
3.720
5.360
4.480
4.200
3.880
4.400
3.640
4.080
3.800
3.200
4.280
3.600
3.640
3.600
3.200
3.560
3.560
3.200
3.960
3.080
3.400
3.600
3.280
3.480
3.400
3.560
3.040
2.360
3.280
3.440
2.960
3.080
3.400
3.120
3.320
3.400
2.880
3.160
3.240
2.920
3.320
3.160
2.840
2.600
3.480
3.600
3.240
3.240
2.960
3.080
2.840
3.520
2.280
2.840
3.160
2.600
3.640
2.600
2.480
3.120
2.800
3.000
2.320
3.560
2.560
2.680
2.640
2.280
2.360
2.680
3.240
2.640
2.400
2.720
2.760
2.720
2.600
2.040
2.560
2.400
2.560
2.760
2.320
3.040
2.840
2.320
2.800
3.000
2.320
2.800
3.040
2.800
2.480
2.560
2.840
3.280
2.960
2.400
2.440
2.360
3.000
2.560
2.800
2.640
2.480
3.080
2.560
2.480
2.960
3.000
3.120
2.840
2.960
2.920
3.000
2.280
2.800
2.760
2.280
2.280
2.400
2.480
2.640
2.560
2.120
2.440
2.160
3.040
2.360
2.800
2.640
2.360
2.960
2.360
2.160
3.200
2.280
2.880
2.480
2.240
2.000
2.400
2.040
1.920
2.080
2.560
2.800
2.280
2.640
2.120
2.160
2.080
2.480
2.680
2.600
2.920
2.600
2.480
2.000
2.560
2.640
3.040
2.240
2.840
2.360
2.280
2.440
2.040
2.400
2.400
2.760
2.240
2.760
2.640
2.320
2.680
2.360
2.920
2.600
2.160
2.040
2.440
2.720
2.000
2.400
2.640
2.160
2.480
1.720
2.920
2.040
2.680
2.640
2.400
2.560
2.320
2.160
2.320
3.600
2.240
1.920
2.200
2.800
2.720
2.640
2.880
3.040
2.800
2.720
2.400
2.720
3.200
2.520
2.520
2.720
3.000
3.000
2.680
3.160
3.000
3.160
2.840
2.760
3.240
2.640
2.320
2.600
3.040
3.240
3.120
3.080
3.240
3.120
2.560
3.280
2.920
3.040
2.720
3.160
2.760
3.280
3.680
3.600
3.560
3.480
3.680
4.160
3.560
3.080
3.560
3.720
3.960
4.640
3.160
4.480
4.280
3.160
3.760
4.720
4.320
4.360
4.400
4.040
3.560
3.600
4.280
4.160
3.920
3.760
3.800
3.960
3.400
3.240
4.040
3.160
3.760
3.480
3.640
3.600
2.880
3.000
3.120
2.960
2.720
2.880
3.080
2.720
2.840
2.560
2.880
2.800
2.640
2.600
3.480
2.360
2.600
3.120
2.360
2.120
2.360
2.560
1.840
2.320
3.000
2.600
2.800
2.520
2.800
2.120
2.320
2.280
2.640
1.880
2.400
2.800
2.920
2.920
2.160
2.600
2.680
2.120
2.280
2.200
2.880
2.080
2.200
1.880
2.440
2.240
2.000
2.920
2.440
1.960
2.280
2.480
2.120
2.120
2.200
2.520
2.480
2.560
2.160
2.280
2.040
1.680
1.640
2.640
2.560
2.520
2.120
2.640
2.480
2.560
2.000
1.960
2.560
2.320
1.680
1.960
2.480
2.120
1.920
2.680
2.120
2.160
1.840
2.720
1.920
2.880
2.080
1.880
1.880
2.320
2.320
2.240
2.280
2.680
2.200
2.200
1.920
2.080
1.600
2.520
2.120
2.160
1.520
2.320
1.600
2.360
2.280
1.520
1.720
2.000
2.000
1.760
1.760
2.000
2.240
2.400
1.760
2.760
1.960
2.120
2.760
2.400
2.520
2.520
2.120
2.240
1.920
2.160
2.040
2.160
2.240
1.840
2.520
2.600
2.200
1.920
2.000
2.000
2.320
2.040
1.880
1.920
1.920
1.960
2.160
1.920
2.280
1.840
2.120
2.480
2.160
1.920
2.240
2.360
2.360
1.560
2.200
1.840
2.400
2.440
1.960
2.120
2.400
2.240
1.800
2.960
2.720
1.800
2.080
2.600
2.240
1.240
1.760
2.160
2.080
2.480
1.680
1.960
1.840
2.400
2.080
1.400
1.840
2.200
2.480
2.600
1.920
2.160
1.760
2.320
1.960
2.520
2.480
1.960
1.760
1.760
2.080
2.000
2.600
2.040
2.560
1.960
2.320
2.080
2.160
1.680
1.880
1.960
2.040
2.480
2.120
2.200
2.400
2.120
2.520
2.280
2.000
2.160
2.000
2.240
1.600
2.200
2.200
1.800
2.200
2.000
2.120
2.640
2.400
1.920
2.280
2.000
2.000
1.760
2.280
1.640
2.120
2.280
2.120
2.080
1.600
1.720
2.400
2.120
1.840
2.360
1.920
2.000
1.880
1.880
2.040
2.360
1.760
2.120
2.440
2.360
2.040
2.480
1.880
2.320
2.000
2.120
1.800
3.040
2.200
2.080
2.120
2.480
1.760
2.320
2.240
1.960
2.320
1.600
2.280
2.200
1.840
2.080
2.360
1.760
2.000
1.840
2.440
2.080
1.720
1.840
1.840
2.480
2.360
2.200
2.320
1.960
2.240
2.200
1.880
1.960
1.880
1.880
2.560
2.120
1.800
1.800
1.640
2.120
1.720
1.760
2.120
1.800
1.720
1.880
1.760
1.960
1.760
1.720
2.520
1.880
1.640
1.920
2.200
1.720
2.120
2.480
2.120
1.520
2.640
2.080
2.080
1.920
1.680
1.520
2.600
1.880
1.760
2.200
1.640
2.080
2.400
1.920
1.520
2.040
1.480
2.560
2.160
2.160
2.040
1.880
1.800
2.000
2.120
1.480
2.080
2.000
1.640
1.840
2.560
1.920
2.840
1.600
2.240
1.800
2.400
2.080
2.280
2.040
1.680
2.160
1.960
2.120
1.920
1.880
2.080
2.200
1.760
2.760
2.360
2.040
1.560
1.720
2.320
2.280
1.680
1.960
2.040
1.680
2.280
1.960
1.160
2.520
1.840
2.160
2.200
1.960
2.120
2.200
1.920
1.280
2.400
2.440
1.440
2.000
1.920
1.720
2.160
1.720
1.680
2.520
1.640
1.440
2.000
1.960
2.560
1.880
2.040
1.880
1.160
2.000
1.920
1.760
1.640
2.600
2.280
1.520
2.240
2.520
2.000
2.080
2.160
1.840
2.000
1.880
1.920
1.840
1.720
1.600
2.000
2.080
2.520
2.640
2.280
1.960
1.960
1.840
2.040
2.360
1.880
1.800
2.200
1.880
1.800
2.560
1.920
2.440
2.040
2.280
2.040
2.200
2.080
1.920
1.720
2.280
2.360
2.760
2.240
2.120
1.600
2.280
2.560
2.080
2.240
2.120
2.360
1.920
1.840
2.240
2.160
1.920
1.880
2.280
2.840
2.600
2.840
2.400
2.240
2.280
1.720
2.200
3.080
1.920
2.160
2.240
2.600
2.040
2.480
2.320
2.200
3.080
2.760
2.240
2.720
2.160
2.560
2.680
2.440
2.160
2.840
2.920
2.800
2.320
2.120
2.600
2.320
3.080
2.720
2.320
3.480
2.600
3.000
2.840
2.320
3.640
2.520
2.480
2.640
3.200
2.840
2.840
3.440
3.320
3.800
3.040
3.320
3.480
3.320
2.920
3.440
3.520
3.600
3.080
3.800
4.320
3.880
3.880
3.800
3.600
4.360
3.520
4.960
4.720
4.440
4.320
4.600
4.920
4.720
5.640
4.760
5.280
5.360
5.680
6.560
7.080
7.360
7.440
8.520
8.640
11.240
11.560
13.800
15.080
16.040
18.480
19.800
21.640
23.040
28.280
32.880
38.880
49.440
63.160
91.920
141.080
216.440
310.760
412.560
447.320
420.680
377.200
329.680
293.600
272.680
276.440
294.800
291.440
266.680
239.000
206.280
167.000
136.240
108.400
89.760
73.000
57.360
46.840
35.120
27.680
23.240
20.080
16.480
15.600
14.400
12.320
12.800
11.400
10.360
8.480
8.920
8.080
7.600
7.680
6.880
6.920
6.720
6.760
6.360
5.560
6.040
4.800
5.400
4.480
4.200
4.800
4.120
4.960
4.640
4.360
4.800
3.880
4.480
4.360
3.480
4.000
4.120
3.920
4.120
2.920
3.600
3.760
3.000
3.480
3.840
3.080
2.680
2.520
4.040
3.040
3.480
2.800
2.880
3.280
3.400
3.040
2.560
3.400
3.200
2.720
3.320
2.560
3.080
3.040
2.360
2.480
2.840
3.080
2.200
2.840
3.160
2.440
2.880
2.280
2.480
2.960
2.200
2.680
3.200
3.280
2.520
2.400
2.360
2.600
2.280
3.120
2.280
2.600
2.640
2.760
2.360
2.360
2.200
2.400
2.760
2.320
2.880
2.640
2.160
2.600
2.280
1.960
2.040
2.600
2.520
3.120
2.960
2.400
1.920
2.520
2.720
1.760
2.080
2.280
2.120
2.080
2.560
1.920
2.840
2.320
2.320
2.920
2.000
2.080
2.280
2.680
2.840
2.560
2.480
2.080
1.960
1.880
2.520
2.400
1.800
2.080
1.640
2.000
2.040
2.040
2.640
1.760
2.160
2.000
2.440
2.160
2.080
2.200
2.640
2.280
2.360
2.600
2.160
1.920
2.200
2.600
2.040
2.080
2.080
2.000
2.280
1.800
2.320
2.600
2.440
2.400
2.200
2.680
2.280
2.480
2.040
1.920
2.080
2.880
2.320
2.600
2.240
2.320
2.720
2.120
2.480
2.680
2.440
2.520
1.640
2.280
1.680
2.440
2.040
2.480
1.720
1.720
1.720
2.240
2.000
1.640
2.560
2.480
2.200
2.520
1.800
2.120
2.320
1.800
2.120
2.080
2.120
2.240
1.560
1.960
2.000
1.480
1.760
2.280
2.000
1.920
2.360
2.040
2.120
2.040
1.960
1.880
1.680
2.040
2.160
2.680
2.280
2.360
2.440
2.160
2.240
1.960
2.280
1.680
2.120
2.080
1.720
1.880
2.000
2.240
1.720
2.160
1.800
2.240
1.880
2.400
1.680
1.720
2.440
2.120
2.520
2.280
2.240
1.360
2.440
2.080
1.480
2.120
2.080
1.800
2.440
1.800
1.840
1.960
1.960
2.120
2.280
2.360
1.960
1.840
2.080
2.240
1.560
1.800
1.800
2.400
2.520
1.480
1.840
1.800
2.120
2.000
1.400
1.600
2.160
1.880
1.920
1.960
2.120
2.040
2.120
1.880
1.640
2.040
1.200
2.000
1.760
2.200
1.680
2.040
1.920
2.600
1.680
2.160
1.960
2.040
1.680
1.640
2.040
1.640
2.800
2.000
2.000
2.080
2.280
1.920
2.120
1.760
1.960
2.320
1.760
1.920
1.920
2.120
2.080
1.680
2.480
1.800
2.000
1.760
1.800
2.280
2.200
2.320
1.680
2.120
1.920
1.520
1.640
1.880
1.960
2.200
1.520
1.680
1.880
2.120
1.560
1.680
2.000
1.560
1.200
2.760
1.720
1.840
1.760
1.720
1.680
1.920
1.720
1.800
2.000
2.200
2.040
2.080
1.640
2.160
2.320
2.040
1.840
1.960
1.640
1.800
1.560
2.600
1.760
2.280
2.040
2.280
1.960
1.920
1.760
2.200
2.160
1.920
2.000
1.840
1.720
1.920
2.040
1.920
1.720
1.760
1.520
1.680
1.800
2.000
2.120
1.560
1.520
1.840
2.120
1.240
1.960
1.760
1.840
1.280
2.200
1.960
2.320
1.760
1.760
1.760
1.640
2.360
2.160
1.720
2.040
1.760
1.960
1.520
1.760
1.520
2.160
1.960
1.720
2.080
1.480
1.960
1.920
2.320
1.560
1.880
1.560
1.920
1.880
1.520
2.880
1.720
1.880
1.840
1.520
2.000
1.920
2.000
1.600
2.320
2.080
2.680
2.240
1.480
2.400
1.800
2.080
2.160
2.160
2.080
1.720
1.920
2.120
1.560
2.040
2.320
1.760
2.280
2.160
2.160
2.040
2.280
2.200
2.120
1.880
1.960
2.640
2.080
2.000
2.000
2.400
2.040
1.760
2.080
1.920
2.520
2.240
2.480
2.320
2.320
2.440
2.040
2.480
2.400
2.440
2.160
2.560
1.880
2.520
2.160
2.320
1.720
2.280
1.800
2.720
2.120
2.480
1.840
2.280
1.840
2.080
2.160
2.640
2.240
1.960
2.360
3.360
2.000
2.440
2.360
2.440
2.920
2.520
2.160
2.440
2.560
3.160
3.120
2.720
2.280
2.880
2.680
2.320
3.080
2.760
3.760
3.120
3.440
3.000
3.280
3.280
3.320
3.760
3.000
3.400
3.200
3.240
3.120
4.240
4.560
4.200
4.320
4.760
5.160
5.560
5.520
6.360
6.840
7.280
8.040
8.440
10.160
11.000
12.440
12.600
14.160
15.560
16.280
17.240
19.960
23.720
26.000
34.440
47.120
64.200
89.080
110.280
129.600
147.920
167.880
183.880
179.480
160.680
140.160
133.320
134.880
123.760
113.360
107.240
112.400
119.200
118.840
109.600
90.160
75.480
71.080
60.160
45.520
33.480
27.840
23.640
21.440
20.240
15.360
13.800
12.240
10.880
9.560
9.960
8.760
8.280
6.560
6.360
6.240
5.640
6.080
5.280
5.360
4.560
5.360
5.240
4.480
4.600
5.040
4.440
3.920
4.440
3.480
3.600
4.800
3.640
3.960
4.320
3.960
3.960
4.160
3.400
3.280
3.520
3.440
3.400
3.440
3.280
3.440
3.840
4.160
3.200
2.680
3.040
2.800
2.480
2.680
2.600
3.720
3.280
2.760
2.440
2.560
3.040
2.880
2.480
2.840
2.720
2.640
2.560
2.640
2.840
2.840
2.600
3.320
3.080
2.520
2.400
3.000
2.200
3.080
2.000
2.960
2.520
2.520
2.160
2.400
2.280
2.400
2.360
2.480
2.400
2.520
2.360
1.960
2.800
2.840
2.200
2.320
2.040
2.680
2.720
2.880
2.440
3.000
2.240
2.400
2.400
2.600
2.800
2.760
2.360
3.040
2.160
2.840
3.000
2.640
2.520
3.040
2.840
2.600
2.880
2.880
2.240
2.840
2.880
2.840
3.040
2.240
2.840
2.320
3.000
3.720
3.520
3.040
3.640
3.560
2.440
2.720
3.720
2.800
3.840
3.560
3.600
3.440
3.400
3.600
3.480
4.480
4.640
4.680
5.280
5.360
5.000
6.240
6.360
5.800
7.920
7.440
8.760
9.320
9.640
10.120
10.440
12.480
14.960
17.560
23.360
30.400
40.680
54.040
66.280
83.160
91.000
93.240
90.760
80.680
68.440
61.200
48.520
44.280
44.040
44.080
50.200
53.160
51.160
51.040
46.960
41.000
34.720
27.320
19.800
15.560
13.320
11.720
8.400
8.440
8.000
7.280
5.840
6.840
6.080
5.160
5.200
5.560
4.600
4.920
3.600
4.440
3.440
3.760
4.360
3.560
3.680
2.840
3.640
3.760
3.720
3.840
3.480
3.840
3.080
3.880
3.480
3.760
3.240
3.080
3.280
2.800
3.280
2.840
2.680
3.040
2.640
2.880
2.600
2.320
2.880
2.240
2.120
2.920
2.640
2.880
2.640
2.240
2.600
2.560
1.880
2.760
1.920
2.480
2.600
2.600
2.640
2.560
2.320
2.600
2.320
2.600
1.600
1.720
1.640
2.160
3.000
2.000
1.960
2.040
2.120
2.120
2.400
2.000
2.200
1.840
2.680
2.360
2.320
2.160
1.960
2.080
1.640
1.720
1.880
1.760
1.800
1.880
1.760
2.000
2.120
2.480
2.160
1.760
1.800
1.680
1.760
2.080
1.800
2.200
1.840
2.160
1.840
2.000
1.960
2.160
2.200
1.720
2.040
1.760
1.960
1.760
1.560
2.320
1.880
1.640
2.200
1.960
2.280
2.000
1.760
2.120
2.160
1.560
2.040
1.480
1.920
1.560
1.480
2.000
1.800
2.280
2.040
2.080
1.880
1.760
1.600
1.960
1.680
1.880
2.080
1.920
1.600
1.800
1.840
1.800
1.800
1.880
1.760
1.840
1.600
1.440
1.800
1.400
1.480
1.680
1.800
2.120
1.320
1.920
1.880
1.680
1.680
1.960
1.640
2.120
1.800
1.800
1.440
1.360
1.680
1.600
1.760
1.280
1.520
1.920
1.600
1.680
2.240
2.000
2.160
1.800
1.360
1.880
2.160
2.000
1.760
1.800
1.440
1.640
1.560
1.360
1.760
1.640
1.440
1.760
1.960
1.600
1.480
1.800
1.560
1.560
1.600
1.400
1.520
1.560
1.200
1.680
1.480
1.680
1.760
2.480
1.640
1.800
1.640
1.640
1.640
1.800
2.000
1.280
2.120
1.880
2.160
1.840
1.880
1.560
1.800
1.720
1.840
2.080
2.000
1.960
1.480
1.800
1.640
1.560
1.520
1.360
1.960
1.680
2.200
1.960
1.880
1.960
2.000
1.560
1.720
1.880
1.920
1.800
1.520
1.400
1.640
1.440
1.800
1.160
1.920
1.680
2.240
1.600
2.400
1.320
1.400
1.760
1.520
1.440
2.080
1.400
1.640
1.560
1.400
2.160
2.240
1.880
2.040
1.480
2.080
1.440
1.080
1.280
1.520
1.600
1.520
1.760
1.640
1.640
1.400
1.920
1.800
1.800
1.640
1.560
1.480
1.640
2.320
1.880
1.360
1.960
1.640
1.960
2.160
2.000
1.560
1.600
1.360
1.920
1.560
2.160
1.480
1.480
1.080
1.920
1.640
1.640
1.640
1.520
1.520
2.120
2.240
1.440
1.520
1.960
1.520
1.640
1.840
1.600
2.200
1.960
1.480
1.680
1.520
1.920
1.360
1.440
2.000
1.960
1.440
1.920
1.520
1.720
1.960
1.200
1.960
1.640
1.800
2.080
2.040
1.760
2.040
1.720
1.760
1.880
1.520
1.520
1.640
1.760
1.840
1.880
1.440
2.240
1.600
1.760
1.880
1.440
1.160
1.520
1.880
1.800
1.600
1.440
1.440
2.160
2.120
2.000
1.640
1.760
2.280
1.640
1.600
2.640
1.880
1.840
1.680
1.720
1.680
1.880
1.480
1.360
1.680
1.840
1.880
2.080
1.680
1.600
1.640
1.680
1.720
1.920
1.840
1.600
1.920
1.680
1.480
2.040
1.200
1.680
1.440
1.640
1.400
1.840
1.960
1.920
2.080
1.840
1.600
1.720
1.880
2.000
1.840
2.000
1.600
1.600
1.800
1.520
1.920
1.880
1.440
1.600
1.520
1.840
1.760
1.840
1.880
1.440
1.680
2.080
1.440
1.880
1.720
1.920
1.720
2.080
1.560
1.600
1.200
1.600
1.200
1.760
1.280
1.640
1.680
1.600
1.560
1.600
1.960
1.600
1.480
1.120
1.400
1.680
1.600
1.520
1.680
1.160
1.280
1.600
1.960
1.480
1.840
1.520
1.760
1.880
1.640
1.480
1.480
1.400
2.160
1.480
1.880
1.680
1.280
1.320
1.760
1.720
1.240
1.600
1.400
1.680
1.240
1.720
1.600
1.640
1.440
1.600
1.800
1.960
1.680
1.280
1.640
1.240
1.840
1.440
1.680
1.720
1.200
1.760
1.760
1.440
1.720
2.040
1.560
1.520
1.320
1.720
1.520
1.480
2.080
1.480
1.560
1.480
1.440
1.840
1.680
1.560
1.960
1.320
1.480
2.440
1.600
1.320
1.400
1.760
1.640
1.800
1.440
1.320
1.400
1.960
1.480
1.800
1.760
2.120
1.840
1.280
1.480
1.880
2.120
1.200
1.840
2.040
1.960
1.520
1.360
1.120
1.840
1.840
1.480
1.280
1.400
1.520
1.560
1.320
1.440
1.920
1.960
1.840
2.040
1.840
1.600
1.880
1.920
1.560
1.840
1.800
1.480
1.320
1.800
1.680
1.720
1.840
1.400
1.680
1.880
1.560
1.680
1.320
1.600
1.480
1.920
1.720
1.520
2.160
1.840
1.560
1.720
2.120
1.640
1.600
1.520
1.280
1.920
1.680
1.240
1.560
1.880
1.720
1.560
1.760
1.600
1.640
1.680
1.960
1.760
1.320
1.760
1.880
1.480
1.600
1.720
1.880
1.840
1.680
1.320
1.720
2.080
1.720
1.760
1.440
1.840
1.560
1.840
1.800
1.600
1.680
1.680
2.000
1.600
2.040
2.160
2.160
2.280
1.520
1.480
1.640
1.440
2.320
1.640
1.440
2.000
2.080
2.000
1.880
1.440
1.520
2.000
2.000
2.120
1.840
1.800
2.280
1.920
2.000
2.240
2.400
1.920
1.520
2.560
2.440
2.080
2.680
2.280
2.080
2.360
1.440
2.360
2.840
2.160
2.040
2.800
2.480
2.480
3.200
2.880
2.600
2.960
3.000
2.760
3.280
3.680
3.360
3.640
3.640
4.480
4.960
5.240
5.560
4.240
6.040
5.960
6.640
7.520
9.320
11.680
15.680
15.960
22.920
26.560
34.000
39.280
43.880
45.480
49.600
58.280
76.040
89.880
79.880
58.120
44.440
31.080
26.440
23.960
26.520
25.320
27.640
29.240
29.040
32.160
39.720
47.600
47.800
40.720
27.840
20.200
14.200
12.200
9.480
7.680
7.400
6.360
5.280
5.080
4.800
3.760
3.840
3.680
3.560
3.080
2.720
2.680
2.640
3.160
2.520
2.440
2.880
3.360
2.280
2.480
2.280
2.160
2.240
3.000
2.080
2.240
2.680
2.000
2.480
2.800
2.600
1.880
1.760
1.880
1.880
1.640
2.600
2.000
1.920
1.800
2.080
2.360
1.920
1.840
1.840
1.840
1.920
2.240
2.160
1.760
1.800
1.800
2.320
2.000
2.040
1.840
1.800
2.000
1.760
1.920
1.920
1.960
2.560
1.400
1.560
1.960
1.840
1.520
1.800
2.160
2.240
1.960
2.240
2.240
1.800
1.680
2.000
1.880
1.880
1.760
1.720
1.640
1.840
1.880
1.080
2.080
1.840
2.120
1.520
2.200
2.080
1.960
1.520
2.120
2.280
1.920
1.800
1.400
1.960
1.360
1.720
1.960
1.400
1.640
2.040
1.240
2.080
2.120
1.680
1.160
1.920
1.680
1.320
1.760
1.360
2.160
1.680
1.640
1.920
1.440
2.120
1.320
1.760
1.680
1.880
1.440
1.280
1.880
1.760
1.720
2.120
1.680
1.440
2.080
1.840
1.520
2.000
1.440
1.400
1.520
1.600
1.680
1.360
1.640
1.720
1.800
1.760
1.600
1.520
1.640
1.720
1.720
1.960
1.880
1.520
1.280
1.840
1.480
1.280
1.800
2.080
1.600
1.800
2.080
1.360
1.600
1.560
1.840
1.720
1.960
1.440
1.560
1.920
1.680
1.280
1.400
2.200
1.880
1.760
1.720
1.440
1.720
1.560
1.560
1.840
1.840
1.280
1.560
1.560
1.280
1.520
1.640
1.640
1.840
1.520
2.040
1.560
1.800
1.720
1.160
2.200
2.160
1.480
1.160
1.720
2.040
1.400
1.440
1.720
1.840
1.600
1.440
1.640
1.680
1.640
1.560
1.640
1.560
1.560
1.680
1.640
1.560
1.360
2.280
1.440
1.640
1.720
1.400
1.720
2.000
1.800
1.560
1.960
1.800
1.600
1.920
1.320
1.440
1.440
2.240
1.680
1.840
1.640
1.720
1.640
1.680
1.240
1.520
1.840
1.240
1.440
1.760
1.640
2.040
1.760
1.640
2.080
1.400
1.640
1.920
1.720
1.680
1.480
1.720
2.040
1.880
1.640
1.440
1.320
1.800
1.800
1.720
1.200
1.480
1.720
1.480
1.400
1.640
1.880
2.040
1.960
2.520
1.920
1.360
1.960
1.320
1.560
1.400
1.600
1.400
2.160
1.240
1.600
2.160
1.760
1.720
1.880
1.880
1.880
1.600
1.160
1.560
1.720
1.640
1.280
2.040
2.040
1.720
1.720
1.280
1.960
1.400
1.840
2.000
1.880
2.000
1.800
1.440
1.600
1.800
1.960
1.640
1.840
1.800
1.440
1.520
1.400
2.280
1.600
1.320
2.000
1.840
1.760
1.840
1.480
1.280
1.400
2.240
1.560
2.400
1.920
1.600
2.360
1.840
1.680
2.000
1.960
2.000
1.480
1.840
1.480
2.080
1.880
2.000
1.680
2.240
1.560
1.600
2.360
2.120
2.280
1.600
2.160
1.840
1.640
2.280
1.680
1.600
2.240
2.080
2.120
2.040
1.880
1.720
2.040
2.280
1.920
2.280
1.800
1.880
2.120
1.840
1.800
1.640
1.360
2.200
1.880
1.560
1.640
2.040
1.840
2.120
2.040
1.640
2.040
1.960
1.920
2.160
2.080
1.880
1.680
1.760
2.040
2.240
1.680
2.240
2.120
1.720
2.200
1.640
1.960
2.400
2.120
2.040
2.080
1.960
1.880
2.440
2.000
1.960
1.840
2.080
1.760
1.560
1.760
2.120
1.400
2.000
1.640
2.520
2.480
1.760
2.000
2.280
1.920
1.800
1.800
2.120
2.080
2.000
2.160
2.400
1.680
1.800
2.480
2.120
2.280
2.080
1.280
2.280
1.840
2.000
1.520
2.320
2.520
1.960
2.240
1.880
2.600
1.840
2.840
2.520
2.120
1.800
2.840
2.080
2.360
2.200
2.880
2.800
2.440
2.520
2.520
2.200
2.560
2.720
1.880
2.360
2.680
2.440
2.640
3.560
3.480
2.960
3.160
3.640
2.640
3.960
3.800
3.920
3.480
4.160
4.000
4.280
4.400
4.280
3.880
5.400
5.040
5.240
5.080
4.760
5.840
6.400
7.400
7.880
9.400
7.480
10.760
10.720
12.600
14.040
15.760
18.360
25.800
36.200
53.760
70.640
92.720
102.560
109.120
103.320
99.960
80.880
66.680
53.480
45.160
37.840
35.360
29.120
28.560
26.520
27.360
32.160
40.160
47.360
53.080
60.240
58.720
54.880
48.000
41.200
31.760
29.560
24.240
19.520
17.240
15.600
12.400
11.280
10.640
9.320
7.840
7.880
6.960
5.640
5.560
4.600
5.200
3.360
4.760
4.360
4.600
3.520
4.240
4.280
3.600
3.520
4.040
3.800
3.160
2.880
2.880
3.600
3.440
3.280
3.600
2.880
3.080
2.960
2.520
3.480
2.880
2.680
3.200
2.760
2.680
2.880
2.480
2.920
2.760
2.560
2.600
3.560
2.640
2.280
3.120
2.520
2.760
2.240
2.080
2.840
2.760
2.080
2.200
3.160
2.840
2.560
2.920
2.920
1.840
2.240
2.080
2.040
2.480
2.120
3.040
2.000
2.480
2.520
2.320
2.120
2.320
2.680
2.680
3.000
2.760
2.400
2.280
2.640
2.760
2.320
2.280
2.400
3.160
2.600
3.200
2.880
2.560
2.720
2.480
2.640
2.960
2.520
3.200
2.440
3.160
2.320
2.440
3.080
2.760
2.560
2.880
2.680
3.280
2.600
3.000
3.120
3.560
2.840
2.960
3.320
3.400
3.440
3.640
3.600
3.400
3.160
3.280
4.000
3.880
4.640
4.280
4.480
4.240
5.280
5.000
4.760
5.240
5.240
4.800
5.960
5.920
5.280
5.560
6.160
6.600
7.800
8.080
8.120
8.360
9.720
9.520
11.080
12.720
12.800
14.000
17.920
19.880
20.840
24.280
31.320
41.880
52.440
68.840
80.680
83.520
87.280
88.720
85.560
81.760
78.800
70.920
62.520
53.880
48.080
41.360
36.400
33.960
32.760
33.080
36.720
38.400
43.800
48.640
49.680
50.560
51.280
48.960
46.920
44.880
38.360
36.480
31.800
25.120
23.240
18.800
17.320
13.400
13.120
11.800
10.920
9.280
8.560
7.160
7.480
7.360
6.720
5.600
6.520
5.440
5.200
4.920
4.440
5.000
4.880
4.040
4.680
4.480
4.120
4.560
4.640
4.000
3.200
4.040
3.600
3.520
2.240
3.240
3.440
2.880
3.880
3.400
3.000
3.680
3.160
3.360
3.040
2.840
3.080
2.400
3.000
2.520
2.960
2.640
2.880
3.280
3.040
2.920
3.000
3.520
3.000
1.960
2.080
2.080
2.560
3.000
2.400
3.040
2.440
2.840
1.960
2.800
2.680
2.320
1.800
2.720
2.800
2.320
2.880
3.120
2.680
2.200
2.560
2.400
2.440
2.280
2.120
2.520
2.840
2.440
2.600
2.080
2.480
2.320
2.440
2.680
2.760
2.760
2.680
2.160
2.360
2.440
2.600
2.480
3.240
2.360
2.440
2.240
1.960
2.560
2.200
2.080
2.720
2.160
2.600
2.720
1.840
1.920
2.120
2.440
2.680
3.000
2.920
2.120
2.560
2.120
2.240
2.400
2.600
2.120
2.360
2.160
2.560
2.120
2.640
2.520
2.080
1.920
2.480
2.600
2.120
2.800
2.440
2.120
1.680
2.600
2.440
2.080
1.720
2.400
2.320
1.960
2.640
2.440
2.200
2.400
2.520
2.200
2.080
2.200
1.920
2.280
2.000
2.280
2.040
2.960
2.400
2.040
2.040
2.240
2.080
1.800
2.920
2.640
2.200
1.640
1.800
2.560
2.520
2.600
2.520
1.840
1.760
1.840
2.200
2.000
2.520
1.760
2.960
2.000
2.520
1.800
2.680
2.120
2.360
2.480
2.040
2.240
2.160
2.560
1.720
2.080
1.880
2.320
2.080
1.840
2.120
2.440
1.960
2.760
2.280
1.880
1.840
2.160
2.080
1.960
2.240
2.160
2.640
2.440
2.440
1.800
2.120
2.000
1.520
2.040
1.680
2.000
1.800
2.480
2.240
2.120
2.040
1.680
1.960
1.840
2.440
1.680
1.560
1.760
1.920
1.480
2.440
2.000
2.320
2.560
2.120
2.120
1.760
1.800
1.920
2.080
2.080
1.840
2.200
1.480
1.720
1.800
2.320
2.320
2.240
2.080
1.880
2.200
2.040
2.360
1.760
1.560
2.000
2.640
2.000
1.920
1.920
2.160
2.160
1.680
1.520
1.600
2.280
2.160
2.600
1.720
2.400
2.000
1.880
1.880
2.080
1.960
1.840
2.280
1.640
2.120
2.080
2.360
1.600
2.280
1.920
1.880
1.880
2.080
1.560
1.960
2.080
2.280
2.000
2.080
1.760
1.880
1.400
1.880
2.160
2.120
1.800
1.600
2.160
1.680
1.680
2.080
2.320
2.600
2.560
1.920
1.840
2.160
1.560
1.960
1.880
1.680
1.880
2.040
1.840
2.360
2.120
1.760
1.840
2.120
2.080
2.400
1.720
1.640
1.680
1.720
2.240
2.160
1.640
2.240
1.960
2.000
1.480
1.480
1.440
1.640
1.920
2.200
2.000
2.120
2.040
1.880
2.160
2.040
1.800
1.480
2.120
1.440
2.200
1.840
2.120
2.160
2.280
1.480
1.960
1.640
2.280
1.800
2.320
2.520
2.240
1.640
1.960
2.400
2.160
2.120
1.840
2.080
2.000
1.800
2.120
1.840
1.720
1.760
2.320
2.120
1.920
1.520
2.360
1.920
2.000
2.280
2.080
1.840
2.280
1.800
1.800
2.200
1.320
1.920
1.840
1.920
1.760
2.080
2.280
2.080
1.440
1.920
1.640
2.120
2.120
1.880
1.560
1.800
1.840
2.200
2.480
2.000
2.160
1.920
1.560
2.240
2.040
1.720
2.200
2.320
1.880
2.080
1.960
2.080
1.640
1.800
1.880
2.120
2.040
1.880
2.520
1.560
2.280
1.600
2.040
2.200
2.120
1.520
2.240
1.600
1.960
1.800
1.560
2.320
2.200
2.600
1.880
2.400
2.160
2.240
2.040
2.040
2.440
2.120
2.040
1.720
2.000
1.760
2.040
2.480
2.480
1.880
1.720
1.520
1.960
1.840
2.280
2.480
2.440
1.600
2.000
2.280
2.120
2.400
1.720
2.160
2.480
1.920
2.160
1.920
2.200
2.240
2.280
2.040
2.040
1.760
1.920
2.440
1.960
2.120
2.160
2.000
2.040
1.320
2.320
2.320
1.880
2.200
1.600
2.080
1.960
1.840
1.720
1.920
2.080
1.880
2.280
1.920
1.960
2.480
2.320
2.480
2.040
2.240
2.600
2.280
2.160
1.600
1.880
2.320
2.640
2.080
2.200
2.080
2.360
1.880
2.320
2.280
2.000
2.360
2.000
2.480
2.200
2.960
2.160
2.000
2.360
2.160
2.400
2.200
2.520
1.800
1.840
2.320
2.440
2.480
2.640
2.480
2.320
2.440
2.600
3.160
2.600
2.000
2.920
1.920
2.080
1.920
1.880
2.760
2.200
2.240
2.560
1.800
2.520
2.120
2.600
2.200
1.960
2.680
2.680
2.240
2.680
2.080
2.960
1.960
2.640
2.160
2.640
1.960
3.000
2.280
3.160
2.120
3.040
2.200
2.200
2.560
2.400
2.160
1.760
2.280
2.120
2.000
2.320
2.320
1.960
2.360
2.440
2.440
2.120
2.120
1.760
2.120
2.200
2.720
2.120
2.120
2.040
2.400
2.600
2.240
2.600
2.160
2.200
2.520
2.520
2.640
2.280
1.720
2.400
2.280
2.520
2.640
1.720
2.680
2.960
2.360
2.160
2.440
2.520
2.000
2.600
2.720
2.280
2.360
2.400
2.240
2.440
3.120
2.120
2.640
2.920
1.920
2.040
2.440
2.280
2.240
2.600
2.120
2.360
2.360
2.800
2.120
2.720
2.480
2.000
2.720
2.040
2.240
2.720
2.320
2.760
2.840
2.320
2.600
2.560
2.360
2.240
2.480
2.560
3.440
3.160
2.080
3.080
2.520
2.960
2.160
2.400
2.640
2.840
2.560
3.080
2.120
2.680
3.040
2.720
2.760
2.520
2.720
2.800
2.800
3.640
2.920
3.760
3.280
3.000
