! TITLE: Yobs                                                                                                                                                                                                                                                            
! Yobs - Ycalc 
      62.92000     -34.42236
      62.94000     -35.38243
      62.96000     -35.06251
      62.98000     -34.86259
      63.00000     -35.02266
      63.02000     -35.06274
      63.04000     -34.58282
      63.06000     -35.22289
      63.08000     -34.30297
      63.10000     -34.82304
      63.12000     -34.82312
      63.14000     -34.22319
      63.16000     -35.14327
      63.18000     -35.06335
      63.20000     -34.86342
      63.22000     -34.46350
      63.24000     -34.30357
      63.26000     -34.58365
      63.28000     -34.66372
      63.30000     -35.06380
      63.32000     -35.18388
      63.34000     -35.26395
      63.36000     -34.62403
      63.38000     -34.74410
      63.40000     -35.34418
      63.42000     -35.06425
      63.44000     -35.50433
      63.46000     -35.14441
      63.48000     -35.10448
      63.50000     -35.10456
      63.52000     -34.50463
      63.54000     -35.38471
      63.56000     -34.98478
      63.58000     -35.14486
      63.60000     -34.70494
      63.62000     -34.98501
      63.64000     -35.06509
      63.66000     -34.94516
      63.68000     -34.50524
      63.70000     -34.86531
      63.72000     -34.78539
      63.74000     -34.54547
      63.76000     -34.98554
      63.78000     -35.22562
      63.80000     -34.94569
      63.82000     -34.54577
      63.84000     -35.10585
      63.86000     -35.06592
      63.88000     -35.06600
      63.90000     -35.14607
      63.92000     -34.86615
      63.94000     -35.34623
      63.96000     -34.82630
      63.98000     -34.54638
      64.00000     -34.70645
      64.02000     -34.74653
      64.04000     -34.94660
      64.06000     -34.46668
      64.08000     -34.86675
      64.10000     -34.66683
      64.12000     -35.10691
      64.14000     -35.22698
      64.16000     -35.06706
      64.18000     -34.26713
      64.20000     -34.82721
      64.22000     -34.54728
      64.24000     -34.90736
      64.26000     -34.82743
      64.28000     -34.42751
      64.30000     -35.02759
      64.32000     -34.66766
      64.34000     -34.46774
      64.36000     -34.70781
      64.38000     -34.62789
      64.40000     -35.50797
      64.42000     -34.86804
      64.44000     -35.46812
      64.46000     -34.70819
      64.48000     -35.10827
      64.50000     -34.66835
      64.52000     -35.42842
      64.54000     -35.42850
      64.56000     -35.44699
      64.58000     -34.92716
      64.60000     -35.16733
      64.62000     -35.52750
      64.64000     -34.60768
      64.66000     -34.68785
      64.68000     -34.96803
      64.70000     -34.64821
      64.72000     -35.36839
      64.74000     -35.04856
      64.76000     -34.85794
      64.78000     -35.37816
      64.80000     -35.05839
      64.82000     -35.09862
      64.84000     -35.05885
      64.86000     -34.93909
      64.88000     -35.61932
      64.90000     -35.21955
      64.92000     -35.17979
      64.94000     -35.70003
      64.96000     -35.42027
      64.98000     -34.90051
      65.00000     -35.18075
      65.02000     -35.26099
      65.04000     -34.82124
      65.06000     -35.14148
      65.08000     -35.06173
      65.10000     -35.14198
      65.12000     -35.22223
      65.14000     -35.30248
      65.16000     -35.50274
      65.18000     -35.14299
      65.20000     -35.02325
      65.22000     -34.50351
      65.24000     -34.90377
      65.26000     -34.82402
      65.28000     -34.74429
      65.30000     -35.02455
      65.32000     -34.94482
      65.34000     -35.22509
      65.36000     -34.90535
      65.38000     -35.50563
      65.40000     -35.06590
      65.42000     -35.10617
      65.44000     -35.46645
      65.46000     -35.30672
      65.48000     -35.18700
      65.50000     -34.94728
      65.52000     -35.46757
      65.54000     -35.02785
      65.56000     -35.38814
      65.58000     -34.94843
      65.60000     -35.30872
      65.62000     -34.78901
      65.64000     -35.50930
      65.66000     -35.46960
      65.68000     -34.74990
      65.70000     -35.07020
      65.72000     -34.67050
      65.74000     -34.91080
      65.76000     -34.95111
      65.78000     -35.83142
      65.80000     -34.75173
      65.82000     -35.11205
      65.84000     -35.71236
      65.86000     -35.07268
      65.88000     -35.11300
      65.90000     -35.39332
      65.92000     -34.75364
      65.94000     -35.39397
      65.96000     -35.35430
      65.98000     -35.23463
      66.00000     -35.23496
      66.02000     -35.07530
      66.04000     -34.91564
      66.06000     -34.83598
      66.08000     -35.23632
      66.10000     -35.35667
      66.12000     -35.11702
      66.14000     -34.95737
      66.16000     -35.63773
      66.18000     -35.39808
      66.20000     -35.39844
      66.22000     -34.79881
      66.24000     -34.67917
      66.26000     -35.71954
      66.28000     -35.35991
      66.30000     -35.40028
      66.32000     -35.08066
      66.34000     -35.20104
      66.36000     -35.80143
      66.38000     -35.60181
      66.40000     -35.04220
      66.42000     -35.32259
      66.44000     -35.28299
      66.46000     -35.24339
      66.48000     -35.08379
      66.50000     -35.16420
      66.52000     -35.08461
      66.54000     -35.32502
      66.56000     -35.56544
      66.58000     -35.16586
      66.60000     -36.00628
      66.62000     -35.20671
      66.64000     -35.44714
      66.66000     -35.00757
      66.68000     -35.52801
      66.70000     -35.16846
      66.72000     -35.28890
      66.74000     -34.60935
      66.76000     -35.52981
      66.78000     -35.05027
      66.80000     -35.25073
      66.82000     -35.17120
      66.84000     -35.53167
      66.86000     -35.57214
      66.88000     -35.17262
      66.90000     -35.57311
      66.92000     -34.41360
      66.94000     -35.21409
      66.96000     -35.21459
      66.98000     -35.13509
      67.00000     -34.93560
      67.02000     -35.29611
      67.04000     -35.09663
      67.06000     -35.45715
      67.08000     -35.25768
      67.10000     -34.89822
      67.12000     -35.45876
      67.14000     -35.29930
      67.16000     -35.29985
      67.18000     -35.10040
      67.20000     -35.14096
      67.22000     -35.54153
      67.24000     -34.74210
      67.26000     -35.42268
      67.28000     -35.22327
      67.30000     -35.46386
      67.32000     -35.42445
      67.34000     -34.94505
      67.36000     -35.02567
      67.38000     -34.90628
      67.40000     -35.54690
      67.42000     -35.10753
      67.44000     -35.30817
      67.46000     -35.70881
      67.48000     -35.58946
      67.50000     -35.35012
      67.52000     -35.27078
      67.54000     -35.03145
      67.56000     -35.71213
      67.58000     -35.55282
      67.60000     -35.35351
      67.62000     -35.11422
      67.64000     -35.67493
      67.66000     -35.55564
      67.68000     -35.23637
      67.70000     -35.67711
      67.72000     -36.03785
      67.74000     -34.47860
      67.76000     -35.51937
      67.78000     -35.40014
      67.80000     -35.48092
      67.82000     -35.52171
      67.84000     -35.56251
      67.86000     -35.32331
      67.88000     -35.52414
      67.90000     -35.44497
      67.92000     -35.24580
      67.94000     -35.04665
      67.96000     -35.20752
      67.98000     -35.16838
      68.00000     -35.60927
      68.02000     -35.09016
      68.04000     -34.93107
      68.06000     -35.21199
      68.08000     -35.41291
      68.10000     -35.29386
      68.12000     -35.61481
      68.14000     -35.45578
      68.16000     -35.69675
      68.18000     -34.65775
      68.20000     -35.49876
      68.22000     -34.97977
      68.24000     -35.22081
      68.26000     -34.98186
      68.28000     -35.30292
      68.30000     -35.34399
      68.32000     -35.50509
      68.34000     -35.07487
      68.36000     -35.11604
      68.38000     -35.35722
      68.40000     -35.27842
      68.42000     -35.43964
      68.44000     -35.56087
      68.46000     -35.36213
      68.48000     -35.24340
      68.50000     -35.36469
      68.52000     -35.56600
      68.54000     -35.52733
      68.56000     -35.77301
      68.58000     -35.61440
      68.60000     -35.49582
      68.62000     -35.29725
      68.64000     -35.17870
      68.66000     -35.74018
      68.68000     -35.78168
      68.70000     -35.46320
      68.72000     -35.18475
      68.74000     -36.06631
      68.76000     -35.34791
      68.78000     -35.54953
      68.80000     -35.47118
      68.82000     -36.03285
      68.84000     -35.11455
      68.86000     -35.35627
      68.88000     -34.99803
      68.90000     -35.55981
      68.92000     -35.56162
      68.94000     -35.56347
      68.96000     -35.68534
      68.98000     -34.96725
      69.00000     -35.16919
      69.02000     -35.61116
      69.04000     -35.29316
      69.06000     -35.57520
      69.08000     -35.37728
      69.10000     -35.81939
      69.12000     -35.58154
      69.14000     -35.82373
      69.16000     -35.18596
      69.18000     -35.38822
      69.20000     -35.63053
      69.22000     -35.27288
      69.24000     -35.87528
      69.26000     -35.39772
      69.28000     -35.44021
      69.30000     -35.04274
      69.32000     -35.80532
      69.34000     -35.48795
      69.36000     -35.81063
      69.38000     -35.45337
      69.40000     -35.49616
      69.42000     -35.85900
      69.44000     -34.50190
      69.46000     -35.66486
      69.48000     -35.50788
      69.50000     -35.55096
      69.52000     -35.87410
      69.54000     -35.39732
      69.56000     -35.48059
      69.58000     -35.40394
      69.60000     -35.80735
      69.62000     -35.09084
      69.64000     -35.33441
      69.66000     -34.73805
      69.68000     -35.18178
      69.70000     -35.94558
      69.72000     -35.02948
      69.74000     -35.63345
      69.76000     -35.35752
      69.78000     -35.28168
      69.80000     -35.28595
      69.82000     -35.37030
      69.84000     -35.73476
      69.86000     -35.53933
      69.88000     -35.34401
      69.90000     -35.90880
      69.92000     -35.43370
      69.94000     -35.15873
      69.96000     -35.72388
      69.98000     -35.20916
      70.00000     -35.33458
      70.02000     -35.34013
      70.04000     -35.46583
      70.06000     -35.23167
      70.08000     -35.31767
      70.10000     -35.40383
      70.12000     -35.65015
      70.14000     -35.57664
      70.16000     -34.90331
      70.18000     -35.47017
      70.20000     -35.55722
      70.22000     -35.56446
      70.24000     -35.17191
      70.26000     -35.53957
      70.28000     -35.82746
      70.30000     -35.51558
      70.32000     -35.68394
      70.34000     -35.09254
      70.36000     -35.38142
      70.38000     -35.15055
      70.40000     -35.31998
      70.42000     -35.32970
      70.44000     -35.21973
      70.46000     -35.63008
      70.48000     -35.20076
      70.50000     -35.29179
      70.52000     -35.26320
      70.54000     -35.55498
      70.56000     -35.16716
      70.58000     -35.85976
      70.60000     -35.23280
      70.62000     -35.60629
      70.64000     -35.46027
      70.66000     -36.07476
      70.68000     -35.52977
      70.70000     -36.02534
      70.72000     -35.12150
      70.74000     -35.73826
      70.76000     -35.39568
      70.78000     -36.05378
      70.80000     -35.63258
      70.82000     -36.09215
      70.84000     -35.87251
      70.86000     -35.81372
      70.88000     -35.35582
      70.90000     -35.77885
      70.92000     -36.08288
      70.94000     -35.70797
      70.96000     -34.73416
      70.98000     -36.12154
      71.00000     -35.71018
      71.02000     -35.82015
      71.04000     -35.77155
      71.06000     -35.32446
      71.08000     -35.75899
      71.10000     -36.15523
      71.12000     -35.91331
      71.14000     -35.83337
      71.16000     -35.27552
      71.18000     -35.35994
      71.20000     -35.80677
      71.22000     -36.29622
      71.24000     -35.74844
      71.26000     -36.00371
      71.28000     -36.42222
      71.30000     -35.72424
      71.32000     -36.11010
      71.34000     -35.18006
      71.36000     -35.89454
      71.38000     -35.65386
      71.40000     -36.17854
      71.42000     -35.98899
      71.44000     -36.08583
      71.46000     -36.14960
      71.48000     -35.82103
      71.50000     -36.70093
      71.52000     -36.43009
      71.54000     -36.76961
      71.56000     -36.88051
      71.58000     -37.16419
      71.60000     -36.22201
      71.62000     -36.09573
      71.64000     -36.66738
      71.66000     -36.77909
      71.68000     -36.59366
      71.70000     -36.47401
      71.72000     -36.38397
      71.74000     -36.76761
      71.76000     -36.31029
      71.78000     -36.25782
      71.80000     -36.29765
      71.82000     -36.07890
      71.84000     -36.29203
      71.86000     -35.27098
      71.88000     -35.23218
      71.90000     -34.71820
      71.92000     -35.63775
      71.93999     -35.35223
      71.96000     -35.48219
      71.98000     -36.63653
      72.00000     -38.03335
      72.02000     -38.35489
      72.04000     -38.61689
      72.06000     -41.73377
      72.08000     -40.56802
      72.10000     -37.59830
      72.12000     -33.22159
      72.14000     -24.46629
      72.16000     -22.89793
      72.18000     -26.18942
      72.20000     -31.73670
      72.22000     -33.43731
      72.24000     -31.83849
      72.26000     -39.18167
      72.28000     -49.45873
      72.30000     -54.38665
      72.32000     -44.06849
      72.34000     -27.78048
      72.36000     -28.60287
      72.38000     -33.63903
      72.40000     -38.62654
      72.42000     -34.69222
      72.43999     -28.52955
      72.46000     -25.87907
      72.48000     -27.10494
      72.50000     -34.65516
      72.52000     -35.91824
      72.54000     -27.31709
      72.56000     -26.73049
      72.58000     -31.74415
      72.60000     -36.05354
      72.62000     -35.66322
      72.64000     -35.25010
      72.66000     -33.95584
      72.68000     -32.50028
      72.70000     -35.33638
      72.72000     -35.28818
      72.74000     -35.55230
      72.76000     -35.84233
      72.78000     -36.26179
      72.80000     -35.09164
      72.82000     -35.62496
      72.84000     -35.52308
      72.86000     -36.73118
      72.88000     -36.47852
      72.90000     -36.19584
      72.92000     -36.43623
      72.93999     -35.67359
      72.96000     -36.18287
      72.98000     -35.84018
      73.00000     -36.40181
      73.02000     -35.38501
      73.04000     -35.30709
      73.06000     -35.88606
      73.08000     -35.59991
      73.10000     -35.00718
      73.12000     -35.46640
      73.14000     -35.85632
      73.16000     -35.21597
      73.18000     -36.06433
      73.20000     -35.84066
      73.22000     -34.54416
      73.24000     -35.61425
      73.26000     -35.21030
      73.28000     -34.77186
      73.30000     -35.05844
      73.32000     -34.98960
      73.34000     -34.72504
      73.36000     -35.42436
      73.38000     -35.48732
      73.40000     -35.19360
      73.42000     -35.22300
      73.43999     -35.21528
      73.46000     -35.13022
      73.48000     -35.24766
      73.50000     -35.04741
      73.52000     -34.60934
      73.54000     -34.25329
      73.56000     -35.17915
      73.58000     -35.66678
      73.60000     -35.27610
      73.62000     -35.48698
      73.64000     -35.77934
      73.66000     -35.55310
      73.68000     -35.60817
      73.70000     -34.46450
      73.72000     -34.88199
      73.74000     -35.38061
      73.76000     -35.68028
      73.78000     -35.54097
      73.80000     -35.04261
      73.82000     -35.18515
      73.84000     -35.56857
      73.86000     -35.19281
      73.88000     -35.29786
      73.90000     -35.36365
      73.92000     -35.43018
      73.93999     -35.33740
      73.96000     -35.12529
      73.98000     -35.11383
      74.00000     -35.34299
      74.02000     -34.61276
      74.04000     -34.84310
      74.06000     -35.39401
      74.08000     -35.50547
      74.10000     -34.89745
      74.12000     -35.68996
      74.14000     -34.80297
      74.16000     -35.87647
      74.18000     -34.91046
      74.20000     -35.34492
      74.22000     -35.33984
      74.24000     -35.69522
      74.26000     -35.45106
      74.28000     -35.56734
      74.30000     -35.44407
      74.32000     -35.48124
      74.34000     -35.35884
      74.36000     -35.43689
      74.38000     -35.31537
      74.40000     -35.47429
      74.42000     -35.87366
      74.43999     -35.03346
      74.46000     -34.99372
      74.48000     -35.63443
      74.50000     -35.51560
      74.52000     -35.79724
      74.54000     -35.15936
      74.56000     -35.12196
      74.58000     -34.96506
      74.60000     -35.40867
      74.62000     -34.85281
      74.64000     -35.61750
      74.66000     -35.46274
      74.68000     -35.46857
      74.70000     -35.27499
      74.72000     -35.08205
      74.74000     -35.12976
      74.76000     -35.53815
      74.78000     -34.86725
      74.80000     -35.75710
      74.82000     -35.08773
      74.84000     -34.93919
      74.86000     -35.31153
      74.88000     -35.44477
      74.90000     -34.93901
      74.92000     -35.15426
      74.93999     -35.41062
      74.96000     -35.14815
      74.98000     -35.16692
      75.00000     -35.82702
      75.02000     -35.24855
      75.04000     -35.23161
      75.06000     -35.29630
      75.08000     -35.12277
      75.10000     -35.95114
      75.12000     -35.38157
      75.14000     -35.93425
      75.16000     -35.28934
      75.18000     -34.60707
      75.20000     -34.84767
      75.22000     -35.37143
      75.24000     -34.81861
      75.26000     -34.94958
      75.28000     -36.12470
      75.30000     -35.90440
      75.32000     -34.96921
      75.34000     -35.95963
      75.36000     -34.99634
      75.38000     -35.36004
      75.40000     -35.41162
      75.42000     -35.67199
      75.43999     -35.82232
      75.46000     -35.74397
      75.48000     -35.99840
      75.50000     -35.14755
      75.52000     -35.15346
      75.54000     -35.29884
      75.56000     -34.90663
      75.58000     -35.06074
      75.60000     -35.68552
      75.62000     -34.74665
      75.64000     -34.97123
      75.66000     -35.92790
      75.68000     -34.26864
      75.70000     -35.28907
      75.72000     -34.61239
      75.74000     -34.83193
      75.76000     -35.47951
      75.78000     -36.23181
      75.80000     -37.52302
      75.82000     -37.63377
      75.84000     -38.05164
      75.86000     -39.34987
      75.88000     -38.71321
      75.90000     -38.34461
      75.92000     -36.37767
      75.93999     -32.90068
      75.96000     -31.64005
      75.98000     -25.65683
      76.00000     -26.58689
      76.02000     -28.57718
      76.04000     -29.52555
      76.06000     -33.38154
      76.08000     -37.21922
      76.10000     -36.23120
      76.12000     -42.30822
      76.14000     -42.22325
      76.16000     -40.51706
      76.18000     -40.56371
      76.20000     -35.75596
      76.22000     -34.03985
      76.24000     -35.72720
      76.26000     -33.08177
      76.28000     -32.22973
      76.30000     -32.15937
      76.32000     -32.34513
      76.34000     -34.22001
      76.36000     -37.04722
      76.38000     -37.47968
      76.40000     -36.72822
      76.42000     -36.03337
      76.43999     -37.61412
      76.46000     -36.25663
      76.48000     -35.68867
      76.50000     -35.62153
      76.52000     -36.43208
      76.54000     -34.91580
      76.56000     -35.24350
      76.58000     -35.79502
      76.60000     -35.43710
      76.62000     -34.79998
      76.64000     -35.51649
      76.66000     -34.98134
      76.68000     -36.11005
      76.70000     -35.09928
      76.72000     -35.94604
      76.74000     -35.48806
      76.76000     -34.76326
      76.78000     -35.45008
      76.80000     -35.22705
      76.82000     -35.97294
      76.84000     -35.08680
      76.86000     -34.88767
      76.88000     -34.85487
      76.90000     -34.66767
      76.92000     -34.96555
      76.93999     -34.54797
      76.96000     -35.25449
      76.98000     -34.40475
      77.00000     -34.75837
      77.02000     -34.43509
      77.04000     -34.91459
      77.06000     -35.03666
      77.08000     -34.80107
      77.10000     -35.24766
      77.12000     -34.73622
      77.14000     -35.14660
      77.16000     -35.27867
      77.18000     -34.89228
      77.20000     -35.26735
      77.22000     -35.00375
      77.24000     -35.26140
      77.26000     -35.52019
      77.28000     -34.94006
      77.30000     -35.56094
      77.32000     -35.66275
      77.34000     -34.84543
      77.36000     -35.10893
      77.38000     -34.85320
      77.40000     -35.07818
      77.42000     -35.46384
      77.43999     -35.09015
      77.46000     -35.11703
      77.48000     -35.78449
      77.50000     -34.89247
      77.52000     -35.72096
      77.54000     -35.14991
      77.56000     -35.01932
      77.58000     -35.00914
      77.60000     -34.95936
      77.62000     -35.02996
      77.64000     -35.26093
      77.66000     -34.97223
      77.68000     -35.24385
      77.70000     -34.95578
      77.72000     -35.94800
      77.74000     -35.82050
      77.76000     -35.89326
      77.78000     -35.36628
      77.80000     -34.51954
      77.82000     -35.51303
      77.84000     -35.54673
      77.86000     -35.46064
      77.88000     -35.37476
      77.90000     -35.36906
      77.92000     -35.08354
      77.93999     -35.47820
      77.96000     -35.27303
      77.98000     -35.62802
      78.00000     -34.78315
      78.02000     -35.09844
      78.04000     -35.13387
      78.06000     -35.28943
      78.08000     -35.48513
      78.10000     -35.36094
      78.12000     -35.79688
      78.14000     -35.71294
      78.16000     -35.54910
      78.18000     -35.66537
      78.20000     -35.62175
      78.22000     -35.53822
      78.24000     -35.65479
      78.26000     -35.41145
      78.28000     -35.28820
      78.30000     -34.92503
      78.32000     -35.24195
      78.34000     -35.63894
      78.36000     -35.59602
      78.38000     -35.71316
      78.40000     -35.63038
      78.42000     -35.30767
      78.43999     -35.58502
      78.46000     -35.18244
      78.48000     -35.53992
      78.50000     -35.21746
      78.52000     -35.53506
      78.54000     -35.37272
      78.56000     -35.41043
      78.58000     -35.20820
      78.60000     -35.16602
      78.62000     -35.64389
      78.64000     -35.32180
      78.66000     -35.59977
      78.68000     -35.39777
      78.70000     -35.59583
      78.72000     -35.79392
      78.74000     -35.03206
      78.76000     -35.47023
      78.78000     -35.70845
      78.80000     -35.14671
      78.82000     -35.38500
      78.84000     -35.06332
      78.86000     -35.34169
      78.88000     -35.58009
      78.90000     -35.21851
      78.92000     -35.17698
      78.93999     -35.77547
      78.96000     -35.29399
      78.98000     -35.85255
      79.00000     -35.41113
      79.02000     -35.76974
      79.04000     -35.84838
      79.06000     -35.32704
      79.08000     -35.52573
      79.10000     -35.04445
      79.12000     -35.28319
      79.14000     -35.24195
      79.16000     -35.44074
      79.18000     -35.55955
      79.20000     -35.71838
      79.22000     -35.35723
      79.24000     -35.63611
      79.26000     -35.43501
      79.28000     -35.23392
      79.30000     -35.39286
      79.32000     -35.71182
      79.34000     -35.51079
      79.36000     -35.46978
      79.38000     -35.50880
      79.40000     -35.50782
      79.42000     -35.42687
      79.43999     -35.54593
      79.46000     -35.46501
      79.48000     -35.70411
      79.50000     -35.86322
      79.52000     -35.50234
      79.54000     -35.90148
      79.56000     -35.82064
      79.58000     -35.61980
      79.60000     -35.49899
      79.62000     -35.17819
      79.64000     -35.97740
      79.66000     -35.37662
      79.68000     -35.41586
      79.70000     -35.61510
      79.72000     -35.61437
      79.74000     -35.33364
      79.76000     -35.65292
      79.78000     -35.17222
      79.80000     -35.49153
      79.82000     -35.49085
      79.84000     -35.85018
      79.86000     -35.92952
      79.88000     -35.60887
      79.90000     -35.68823
      79.92000     -35.52760
      79.93999     -36.00698
      79.96000     -35.74805
      79.98000     -35.34754
      80.00000     -35.66705
      80.02000     -35.58656
      80.04000     -35.02608
      80.06000     -35.26561
      80.08000     -35.10514
      80.10000     -35.46468
      80.12000     -35.90424
      80.14000     -35.38379
      80.16000     -35.09418
      80.18000     -35.25380
      80.20000     -35.49343
      80.22000     -35.45306
      80.24000     -35.81270
      80.26000     -35.61235
      80.28000     -35.69200
      80.30000     -35.89166
      80.32000     -35.49133
      80.34000     -35.61100
      80.36000     -35.81067
      80.38000     -35.49035
      80.40000     -35.29004
      80.42000     -35.64973
      80.43999     -35.76943
      80.46000     -35.44913
      80.48000     -35.68884
      80.50000     -35.68856
      80.52000     -35.64827
      80.54000     -35.84800
      80.56000     -35.72772
      80.58000     -35.68745
      80.60000     -36.04719
      80.62000     -35.56693
      80.64000     -35.76668
      80.66000     -35.56643
      80.68000     -35.48618
      80.70000     -34.76594
      80.72000     -35.60571
      80.74000     -35.44547
      80.76000     -35.60524
      80.78000     -35.60502
      80.80000     -35.60480
      80.82000     -35.44458
      80.84000     -35.24436
      80.86000     -35.96415
      80.88000     -35.12395
      80.90000     -35.36374
      80.92000     -35.08354
      80.93999     -35.40335
      80.96000     -35.36315
      80.98000     -35.68296
      81.00000     -35.44278
      81.02000     -35.52259
      81.04000     -35.40241
      81.06000     -35.16224
      81.08000     -35.24206
      81.10000     -35.28189
      81.12000     -35.76172
      81.14000     -35.44156
      81.16000     -35.60139
      81.18000     -35.68124
      81.20000     -35.72108
      81.22000     -35.88092
      81.24000     -35.28077
      81.26000     -35.56062
      81.28000     -35.04048
      81.30000     -35.28033
      81.32000     -35.36019
      81.34000     -35.28006
      81.36000     -35.23992
      81.38000     -35.67978
      81.40000     -35.51965
      81.42000     -35.35952
      81.43999     -35.31940
      81.46000     -35.43927
      81.48000     -35.71915
      81.50000     -35.83903
      81.52000     -35.59891
      81.54000     -35.79880
      81.56000     -35.43868
      81.58000     -36.07857
      81.60000     -35.31846
      81.62000     -35.55835
      81.64000     -34.99825
      81.66000     -35.63815
      81.68000     -34.83804
      81.70000     -35.91794
      81.72000     -35.83784
      81.74000     -35.47775
      81.76000     -35.71766
      81.78000     -35.79756
      81.80000     -35.15747
      81.82000     -35.83738
      81.84000     -35.59729
      81.86000     -35.67721
      81.88000     -35.83712
      81.90000     -35.07704
      81.92000     -34.99696
      81.93999     -35.35688
      81.96000     -35.19680
      81.98000     -35.75673
      82.00000     -35.15665
      82.02000     -35.79658
      82.04000     -36.15651
      82.06000     -35.95644
      82.08000     -35.71637
      82.10000     -35.63631
      82.12000     -35.71624
      82.14000     -35.47618
      82.16000     -35.59612
      82.18000     -35.59605
      82.20000     -35.83599
      82.22000     -35.31593
      82.24000     -35.43587
      82.26000     -35.43582
      82.28000     -35.59576
      82.30000     -35.67571
      82.32000     -35.75566
      82.34000     -35.59561
      82.36000     -34.91556
      82.38000     -35.35551
      82.40000     -35.87546
      82.42000     -35.27542
      82.43999     -35.59537
      82.46000     -35.27533
      82.48000     -35.07528
      82.50000     -35.23524
      82.52000     -35.67520
      82.54000     -35.63516
      82.56000     -35.87512
      82.58000     -35.31509
      82.60000     -35.67505
      82.62000     -35.07501
      82.64000     -35.75498
      82.66000     -35.75495
      82.68000     -36.15491
      82.70000     -35.31488
      82.72000     -35.59485
      82.74000     -35.59482
      82.76000     -35.59480
      82.78000     -35.71477
      82.80000     -35.71474
      82.82000     -35.11472
      82.84000     -34.99469
      82.86000     -35.79467
      82.88000     -35.71464
      82.90000     -35.27462
      82.92000     -35.71460
      82.93999     -35.59458
      82.96000     -35.39456
      82.98000     -35.63454
      83.00000     -35.03452
      83.02000     -35.27451
      83.04000     -35.75449
      83.06000     -35.56140
      83.08000     -35.72142
      83.10000     -35.32145
      83.12000     -35.88147
      83.14000     -35.80149
      83.16000     -35.24152
      83.18000     -35.28155
      83.20000     -35.80157
      83.22000     -35.32160
      83.24000     -35.72163
      83.26000     -35.52166
      83.28000     -35.28170
      83.30000     -36.04173
      83.32000     -35.28176
      83.34000     -35.60526
      83.36000     -35.44531
      83.38000     -35.16536
      83.40000     -35.20542
      83.42000     -35.48548
      83.43999     -35.20554
      83.46000     -35.52560
      83.48000     -35.48566
      83.50000     -35.36572
      83.52000     -35.72578
      83.54000     -35.72585
      83.56000     -35.60591
      83.58000     -35.48598
      83.60000     -35.40604
      83.62000     -35.36611
      83.64000     -35.80618
      83.66000     -35.00625
      83.68000     -35.64632
      83.70000     -35.48640
      83.72000     -35.35784
      83.74000     -35.79796
      83.76000     -36.07808
      83.78000     -35.71820
      83.80000     -35.35832
      83.82000     -35.43845
      83.84000     -35.63857
      83.86000     -35.79869
      83.88000     -35.79882
      83.90000     -35.07895
      83.92000     -35.11907
      83.93999     -35.23488
      83.96000     -35.59504
      83.98000     -35.47519
      84.00000     -34.95534
      84.02000     -35.59549
      84.04000     -35.63565
      84.06000     -34.59580
      84.08000     -35.35595
      84.10000     -35.39611
      84.12000     -35.55627
      84.14000     -35.51643
      84.16000     -35.55658
      84.18000     -35.35674
      84.20000     -35.75690
      84.22000     -35.87706
      84.24000     -35.55722
      84.26000     -35.39738
      84.28000     -35.35755
      84.30000     -35.15771
      84.32000     -35.55787
      84.34000     -35.63804
      84.36000     -35.59821
      84.38000     -35.55837
      84.40000     -35.51854
      84.42000     -35.31871
      84.43999     -35.39888
      84.46000     -35.63905
      84.48000     -35.31922
      84.50000     -35.55939
      84.52000     -35.75956
      84.54000     -35.19974
      84.56000     -36.03991
      84.58000     -35.56009
      84.60000     -35.80026
      84.62000     -35.60044
      84.64000     -35.84062
      84.66000     -35.40080
      84.68000     -35.28098
      84.70000     -35.32116
      84.72000     -35.16135
      84.74000     -35.40153
      84.76000     -35.64171
      84.78000     -35.52190
      84.80000     -35.36209
      84.82000     -35.24228
      84.84000     -35.40247
      84.86000     -35.24265
      84.88000     -35.64285
      84.90000     -35.64304
      84.92000     -35.44323
      84.93999     -35.72343
      84.96000     -35.32362
      84.98000     -35.36382
      85.00000     -35.80402
      85.02000     -35.64422
      85.04000     -35.72442
      85.06000     -35.40462
      85.08000     -35.48483
      85.10000     -35.40504
      85.12000     -35.36524
      85.14000     -35.80545
      85.16000     -35.56566
      85.18000     -35.16587
      85.20000     -35.80608
      85.22000     -35.36630
      85.24000     -35.52651
      85.25999     -35.32673
      85.28000     -35.52695
      85.30000     -35.16717
      85.32000     -35.68739
      85.34000     -35.64761
      85.36000     -36.04784
      85.38000     -35.64806
      85.40000     -36.04829
      85.42000     -35.48852
      85.43999     -35.96875
      85.46000     -35.60899
      85.48000     -35.56922
      85.50000     -35.64946
      85.52000     -35.68970
      85.54000     -35.64994
      85.56000     -35.29018
      85.58000     -35.65042
      85.60000     -35.77067
      85.62000     -36.13092
      85.64000     -35.85117
      85.66000     -35.57142
      85.68000     -35.65168
      85.70000     -35.73193
      85.72000     -35.57219
      85.74000     -36.09245
      85.75999     -35.97271
      85.78000     -35.65298
      85.80000     -35.29325
      85.82000     -35.77352
      85.84000     -35.41379
      85.86000     -35.73406
      85.88000     -35.49434
      85.90000     -35.37462
      85.92000     -35.61490
      85.93999     -35.77518
      85.96000     -35.77547
      85.98000     -35.85576
      86.00000     -35.09605
      86.02000     -35.77635
      86.04000     -35.37665
      86.06000     -35.57695
      86.08000     -35.97725
      86.10000     -35.93756
      86.12000     -35.49787
      86.14000     -35.53818
      86.16000     -36.01849
      86.18000     -35.65881
      86.20000     -35.85913
      86.22000     -35.57946
      86.24000     -36.01979
      86.25999     -35.54012
      86.28000     -35.66045
      86.30000     -35.62079
      86.32000     -35.82113
      86.34000     -35.66148
      86.36000     -35.46183
      86.38000     -35.30218
      86.40000     -35.58253
      86.42000     -35.98289
      86.43999     -35.62326
      86.46000     -36.02363
      86.48000     -35.42400
      86.50000     -35.82438
      86.52000     -35.58475
      86.54000     -35.54514
      86.56000     -36.06553
      86.58000     -35.50592
      86.60000     -35.50632
      86.62000     -35.82672
      86.64000     -35.54713
      86.66000     -35.22754
      86.68000     -35.70796
      86.70000     -35.74838
      86.72000     -35.94881
      86.74000     -35.54924
      86.75999     -35.74968
      86.78000     -35.79012
      86.80000     -35.19057
      86.82000     -35.79102
      86.84000     -35.71148
      86.86000     -35.79195
      86.88000     -35.83242
      86.90000     -35.43290
      86.92000     -35.59338
      86.93999     -35.71387
      86.96000     -35.31437
      86.98000     -35.95487
      87.00000     -35.79538
      87.02000     -34.83590
      87.04000     -35.67642
      87.06000     -35.95695
      87.08000     -35.87749
      87.10000     -35.51803
      87.12000     -35.63859
      87.14000     -35.47915
      87.16000     -35.83972
      87.18000     -35.96029
      87.20000     -35.88088
      87.22000     -35.32147
      87.24000     -35.80207
      87.25999     -35.48269
      87.28000     -35.52331
      87.30000     -35.16394
      87.32000     -35.44458
      87.34000     -36.00523
      87.36000     -35.80589
      87.38000     -35.40656
      87.40000     -35.16724
      87.42000     -36.08792
      87.43999     -35.44863
      87.46000     -35.24934
      87.48000     -35.33007
      87.50000     -35.77080
      87.52000     -35.93155
      87.54000     -36.17231
      87.56000     -35.45308
      87.58000     -35.45387
      87.60000     -35.81467
      87.62000     -36.01548
      87.64000     -35.89631
      87.66000     -35.77715
      87.68000     -35.73801
      87.70000     -35.97888
      87.72000     -35.85976
      87.74000     -35.38066
      87.75999     -35.34158
      87.78000     -35.46252
      87.80000     -35.26347
      87.82000     -35.46444
      87.84000     -35.70543
      87.86000     -35.42644
      87.88000     -35.38746
      87.90000     -35.74851
      87.92000     -35.46957
      87.93999     -35.51066
      87.96000     -35.83177
      87.98000     -35.99290
      88.00000     -35.51405
      88.02000     -35.63522
      88.04000     -35.59642
      88.06000     -35.47765
      88.08000     -35.91890
      88.10000     -35.64017
      88.12000     -35.44147
      88.14000     -35.76280
      88.16000     -35.64416
      88.18000     -36.00555
      88.20000     -35.72696
      88.22000     -35.84841
      88.24000     -35.40989
      88.25999     -35.61140
      88.28000     -35.81295
      88.30000     -35.17453
      88.32000     -35.49615
      88.34000     -35.77781
      88.36000     -35.61951
      88.38000     -35.22124
      88.40000     -35.70302
      88.42000     -35.74484
      88.43999     -35.82671
      88.46000     -36.06861
      88.48000     -35.43057
      88.50000     -35.67258
      88.52000     -36.11464
      88.54000     -35.79675
      88.56000     -35.47891
      88.58000     -35.64113
      88.60000     -35.80341
      88.62000     -35.60575
      88.64000     -35.76815
      88.66000     -35.73062
      88.68000     -35.69316
      88.70000     -35.41576
      88.72000     -35.61844
      88.74000     -36.06120
      88.75999     -35.62403
      88.78000     -35.50694
      88.80000     -35.90994
      88.82000     -35.79303
      88.84000     -35.67621
      88.86000     -35.51949
      88.88000     -35.56287
      88.90000     -35.72635
      88.92000     -36.08994
      88.93999     -35.69364
      88.96000     -35.33747
      88.98000     -35.70141
      89.00000     -35.66549
      89.02000     -35.98970
      89.04000     -35.59405
      89.06000     -35.87855
      89.08000     -35.60320
      89.10000     -35.64801
      89.12000     -35.85300
      89.14000     -35.77816
      89.16000     -35.78351
      89.18000     -35.46906
      89.20000     -35.87480
      89.22000     -35.44077
      89.24000     -35.32696
      89.25999     -35.33339
      89.28000     -35.22008
      89.30000     -35.98703
      89.32000     -36.03426
      89.34000     -35.88178
      89.36000     -36.08962
      89.38000     -35.21778
      89.40000     -35.90630
      89.42000     -36.11518
      89.43999     -35.56446
      89.46000     -35.49415
      89.48000     -35.58427
      89.50000     -35.71487
      89.52000     -36.16596
      89.54000     -36.09758
      89.56000     -35.62977
      89.58000     -35.64256
      89.60000     -35.53598
      89.62000     -35.83009
      89.64000     -35.88493
      89.66000     -35.42056
      89.68000     -35.79703
      89.70000     -35.73440
      89.72000     -35.51275
      89.74000     -35.37214
      89.75999     -35.87267
      89.78000     -36.29441
      89.80000     -35.27747
      89.82000     -35.42197
      89.84000     -35.80800
      89.86000     -35.23574
      89.88000     -35.66529
      89.90000     -35.89687
      89.92000     -35.65061
      89.93999     -36.60676
      89.96000     -35.72555
      89.98000     -35.28722
      90.00000     -36.01210
      90.02000     -36.18050
      90.04000     -35.47284
      90.06000     -35.84950
      90.08000     -35.91105
      90.10000     -35.25799
      90.12000     -35.65102
      90.14000     -36.01093
      90.16000     -35.73856
      90.18000     -35.79501
      90.20000     -36.14143
      90.22000     -35.73933
      90.24000     -35.47033
      90.25999     -35.93652
      90.28000     -35.82040
      90.30000     -36.00480
      90.32000     -35.37347
      90.34000     -35.13070
      90.36000     -35.12222
      90.38000     -35.11495
      90.40000     -36.79853
      90.42000     -35.42562
      90.43999     -36.01493
      90.46000     -35.95444
      90.48000     -35.84582
      90.50000     -35.03336
      90.52000     -33.96985
      90.54000     -31.70682
      90.56000     -33.77266
      90.58000     -29.97069
      90.60000     -30.51029
      90.62000     -28.45599
      90.64000     -29.86626
      90.66000     -33.16857
      90.68000     -40.25632
      90.70000     -44.58900
      90.72000     -42.41211
      90.74000     -27.27283
      90.75999     -11.30462
      90.78000     -15.38217
      90.80000     -29.41966
      90.82000     -35.34367
      90.84000     -42.00060
      90.86000     -41.50685
      90.88000     -40.61582
      90.90000     -36.44630
      90.92000     -37.68058
      90.93999     -36.81682
      90.96000     -37.74223
      90.98000     -40.95897
      91.00000     -40.45783
      91.02000     -34.03246
      91.04000     -25.06672
      91.06000     -21.71692
      91.08000     -24.44761
      91.10000     -32.70274
      91.12000     -36.03797
      91.14000     -38.32979
      91.16000     -37.29771
      91.18000     -37.62724
      91.20000     -37.59394
      91.22000     -36.48950
      91.24000     -36.48930
      91.25999     -36.78113
      91.28000     -36.37260
      91.30000     -36.17136
      91.32000     -36.82044
      91.34000     -36.41560
      91.36000     -36.30030
      91.38000     -36.18377
      91.40000     -36.45818
      91.42000     -36.63812
      91.43999     -36.51927
      91.46000     -36.41827
      91.48000     -35.77258
      91.50000     -36.29991
      91.52000     -36.27858
      91.54000     -35.74702
      91.56000     -35.18404
      91.58000     -36.18854
      91.60000     -35.91967
      91.62000     -36.05663
      91.64000     -36.11877
      91.66000     -35.98554
      91.68000     -35.17644
      91.70000     -36.05106
      91.72000     -35.84901
      91.74000     -35.36999
      91.75999     -36.01369
      91.78000     -35.49987
      91.80000     -35.14830
      91.82000     -35.31878
      91.84000     -36.01115
      91.86000     -36.10523
      91.88000     -35.96090
      91.90000     -35.93800
      91.92000     -36.15646
      91.93999     -35.17615
      91.96000     -35.75697
      91.98000     -35.81886
      92.00000     -35.92171
      92.02000     -35.62548
      92.04000     -35.33010
      92.06000     -35.75550
      92.08000     -35.82164
      92.10000     -35.80846
      92.12000     -35.79593
      92.14000     -35.70399
      92.16000     -35.37262
      92.18000     -35.44177
      92.20000     -35.83142
      92.22000     -35.78153
      92.24000     -35.77208
      92.25999     -35.24305
      92.28000     -35.55440
      92.30000     -35.50612
      92.32000     -35.69818
      92.34000     -35.73058
      92.36000     -35.52328
      92.38000     -35.75628
      92.40000     -35.58955
      92.42000     -35.58308
      92.43999     -35.53687
      92.46000     -34.93089
      92.48000     -36.08514
      92.50000     -35.91960
      92.52000     -35.51426
      92.54000     -35.62912
      92.56000     -35.94416
      92.58000     -35.65938
      92.60000     -35.29477
      92.62000     -35.21032
      92.64000     -35.48602
      92.66000     -35.20187
      92.68000     -35.19785
      92.70000     -35.63397
      92.72000     -35.75022
      92.74000     -35.42659
      92.75999     -35.54308
      92.78000     -35.53967
      92.80000     -35.65638
      92.82000     -35.69319
      92.84000     -35.77010
      92.86000     -35.56710
      92.88000     -35.52420
      92.90000     -36.32138
      92.92000     -35.31864
      92.93999     -35.55599
      92.96000     -35.27341
      92.98000     -35.87091
      93.00000     -35.18849
      93.02000     -35.30613
      93.04000     -35.42384
      93.06000     -35.86161
      93.08000     -35.25945
      93.10000     -35.09734
      93.12000     -35.45529
      93.14000     -35.57330
      93.16000     -35.97136
      93.18000     -35.40947
      93.20000     -36.00764
      93.22000     -35.64585
      93.24000     -35.40411
      93.25999     -35.96242
      93.28000     -35.72076
      93.30000     -35.31916
      93.32000     -36.11759
      93.34000     -35.27606
      93.36000     -35.23457
      93.38000     -35.67311
      93.40000     -36.19170
      93.42000     -35.43031
      93.43999     -35.66897
      93.46000     -36.02765
      93.48000     -35.58637
      93.50000     -35.98512
      93.52000     -35.18389
      93.54000     -35.66270
      93.56000     -35.70153
      93.58000     -35.42039
      93.60000     -35.89928
      93.62000     -35.21819
      93.64000     -36.01713
      93.66000     -35.57609
      93.68000     -35.65508
      93.70000     -35.45409
      93.72000     -35.89312
      93.74000     -36.05217
      93.75999     -35.45124
      93.78000     -35.57034
      93.80000     -35.60946
      93.82000     -35.20859
      93.84000     -35.64774
      93.86000     -35.88691
      93.88000     -35.24610
      93.90000     -35.48531
      93.92000     -35.80453
      93.93999     -35.33413
      93.96000     -35.89343
      93.98000     -35.93276
      94.00000     -35.81210
      94.02000     -35.73146
      94.04000     -35.65083
      94.06000     -35.97022
      94.08000     -35.68962
      94.10000     -35.60904
      94.12000     -35.52846
      94.14000     -35.56791
      94.16000     -35.72736
      94.18000     -35.80683
      94.20000     -35.68631
      94.22000     -35.60580
      94.24000     -35.60530
      94.25999     -35.36482
      94.28000     -35.44435
      94.30000     -35.80908
      94.32000     -36.04866
      94.34000     -35.48824
      94.36000     -35.84784
      94.38000     -36.04745
      94.40000     -35.52707
      94.42000     -35.24669
      94.43999     -35.72633
      94.46000     -35.52598
      94.48000     -35.24564
      94.50000     -35.96530
      94.52000     -35.72498
      94.54000     -35.76466
      94.56000     -35.48435
      94.58000     -35.60405
      94.60000     -35.36377
      94.62000     -35.88348
      94.64000     -35.76321
      94.66000     -35.40294
      94.68000     -35.64268
      94.70000     -36.04243
      94.72000     -35.92219
      94.74000     -35.12196
      94.75999     -35.44173
      94.78000     -35.56151
      94.80000     -35.60129
      94.82000     -35.88108
      94.84000     -35.60089
      94.86000     -35.76069
      94.88000     -35.76051
      94.90000     -35.48033
      94.92000     -35.48015
      94.93999     -36.03999
      94.96000     -35.75983
      94.98000     -35.75967
      95.00000     -36.03952
      95.02000     -35.79938
      95.04000     -35.67924
      95.06000     -35.67911
      95.08000     -35.47898
      95.10000     -35.79887
      95.12000     -35.27875
      95.14000     -35.75864
      95.16000     -35.51854
      95.18000     -35.59844
      95.20000     -36.15835
      95.22000     -35.11826
      95.24000     -35.15818
      95.25999     -35.83811
      95.28000     -36.15804
      95.30000     -35.59797
      95.32000     -35.27791
      95.34000     -35.91785
      95.36000     -35.87780
      95.38000     -35.59776
      95.40000     -35.47771
      95.42000     -35.71768
      95.43999     -35.87764
      95.46000     -35.67762
      95.48000     -35.63760
      95.50000     -35.67758
      95.52000     -35.75756
      95.54000     -35.67756
      95.56000     -35.75755
      95.58000     -35.75755
      95.60000     -35.63755
      95.62000     -35.67756
      95.64000     -35.75758
      95.66000     -35.95760
      95.68000     -35.03762
      95.70000     -35.87764
      95.72000     -35.67767
      95.74000     -35.59771
      95.75999     -35.91775
      95.78000     -35.59779
      95.80000     -35.31784
      95.82000     -35.51789
      95.84000     -35.75795
      95.86000     -35.35801
      95.88000     -35.51807
      95.90000     -35.71814
      95.92000     -35.39821
      95.93999     -35.99829
      95.96000     -35.87837
      95.98000     -35.87846
      96.00000     -35.07854
      96.02000     -35.63864
      96.04000     -35.47874
      96.06000     -35.67884
      96.08000     -35.59894
      96.10000     -35.67905
      96.12000     -35.63917
      96.14000     -36.07928
      96.16000     -35.79941
      96.18000     -35.47953
      96.20000     -36.07966
      96.22000     -35.87980
      96.24000     -35.55994
      96.25999     -35.68008
      96.28000     -35.28023
      96.30000     -35.56038
      96.32000     -35.68053
      96.34000     -35.24069
      96.36000     -35.92086
      96.38000     -35.68102
      96.40000     -35.40120
      96.42000     -35.60137
      96.43999     -35.64155
      96.46000     -35.84174
      96.48000     -35.60193
      96.50000     -35.28212
      96.52000     -35.44232
      96.54000     -35.68252
      96.56000     -35.88273
      96.58000     -36.00294
      96.60000     -35.52316
      96.62000     -35.52338
      96.64000     -35.60360
      96.66000     -36.12383
      96.68000     -35.84406
      96.70000     -35.60430
      96.72000     -35.84455
      96.74000     -35.92479
      96.75999     -35.68505
      96.78000     -35.44530
      96.80000     -35.28556
      96.82000     -35.36583
      96.84000     -34.80611
      96.86000     -35.40638
      96.88000     -35.96666
      96.90000     -35.36695
      96.92000     -36.00724
      96.93999     -35.76754
      96.96000     -35.92785
      96.98000     -35.72815
      97.00000     -35.92846
      97.02000     -35.16879
      97.04000     -36.08911
      97.06000     -35.72944
      97.08000     -35.16977
      97.10000     -35.57011
      97.12000     -35.61046
      97.14000     -35.45081
      97.16000     -35.45117
      97.18000     -35.45153
      97.20000     -35.73191
      97.22000     -36.17228
      97.24000     -35.77266
      97.25999     -35.61305
      97.28000     -35.69345
      97.30000     -36.05385
      97.32000     -35.29426
      97.34000     -35.29467
      97.36000     -35.61509
      97.38000     -35.61552
      97.40000     -36.05596
      97.42000     -35.37640
      97.43999     -35.93685
      97.46000     -35.49731
      97.48000     -35.33777
      97.50000     -35.45824
      97.52000     -35.33872
      97.54000     -35.53921
      97.56000     -35.89970
      97.58000     -35.74020
      97.60000     -35.54071
      97.62000     -35.38123
      97.64000     -35.70176
      97.66000     -35.50230
      97.68000     -35.54284
      97.70000     -35.91478
      97.72000     -35.83541
      97.74000     -35.95604
      97.75999     -35.07668
      97.78000     -35.75733
      97.80000     -36.03799
      97.82000     -35.35866
      97.84000     -35.51934
      97.86000     -35.60004
      97.88000     -35.52074
      97.90000     -35.88145
      97.92000     -36.08218
      97.93999     -35.96292
      97.96000     -35.12367
      97.98000     -35.80443
      98.00000     -34.96520
      98.02000     -35.44599
      98.04000     -35.76678
      98.06000     -35.00760
      98.08000     -35.53413
      98.10000     -35.69500
      98.12000     -35.37588
      98.14000     -35.41677
      98.16000     -35.37769
      98.18000     -35.89861
      98.20000     -35.53955
      98.22000     -35.90051
      98.24000     -35.30148
      98.25999     -35.50247
      98.28000     -35.38347
      98.30000     -35.70449
      98.32000     -35.14553
      98.34000     -35.82659
      98.36000     -35.78766
      98.38000     -35.02876
      98.40000     -35.26987
      98.42000     -35.11100
      98.43999     -35.78526
      98.46000     -35.22646
      98.48000     -35.54769
      98.50000     -35.74894
      98.52000     -35.11021
      98.54000     -35.71149
      98.56000     -35.79281
      98.58000     -35.15414
      98.60000     -35.31551
      98.62000     -35.27689
      98.64000     -35.35830
      98.66000     -35.51973
      98.68000     -35.68119
      98.70000     -35.36267
      98.72000     -35.12419
      98.74000     -35.48230
      98.75999     -35.12389
      98.78000     -35.60550
      98.80000     -35.52715
      98.82000     -35.28883
      98.84000     -35.57054
      98.86000     -35.61229
      98.88000     -35.77406
      98.90000     -36.05587
      98.92000     -35.21772
      98.93999     -35.53960
      98.96000     -35.86153
      98.98000     -35.78349
      99.00000     -35.38549
      99.02000     -35.58753
      99.04000     -35.30961
      99.06000     -35.39174
      99.07999     -35.79391
      99.10000     -35.39613
      99.12000     -35.47840
      99.14000     -35.52071
      99.16000     -35.28307
      99.18000     -35.36549
      99.20000     -35.56796
      99.22000     -35.77049
      99.24000     -35.69307
      99.25999     -35.41571
      99.28000     -35.21842
      99.30000     -35.78119
      99.32000     -35.22401
      99.34000     -35.34691
      99.36000     -35.74988
      99.38000     -35.27292
      99.40000     -35.83604
      99.42000     -35.51923
      99.43999     -35.08249
      99.46000     -35.36585
      99.48000     -35.44928
      99.50000     -35.41281
      99.52000     -35.53643
      99.54000     -35.62014
      99.56000     -35.06395
      99.57999     -35.50786
      99.60000     -35.55188
      99.62000     -35.67601
      99.64000     -35.44025
      99.66000     -35.76461
      99.68000     -35.96910
      99.70000     -35.77371
      99.72000     -35.41846
      99.74000     -36.14334
      99.75999     -35.54837
      99.78000     -35.91355
      99.80000     -35.03888
      99.82000     -35.08438
      99.84000     -35.81005
      99.86000     -35.57589
      99.88000     -35.30192
      99.90000     -35.66815
      99.92000     -35.79457
      99.93999     -35.80121
      99.96000     -35.48807
      99.98000     -35.53516
     100.00000     -35.62249
     100.02000     -35.47007
     100.04000     -35.23792
     100.06000     -35.96605
     100.07999     -35.85447
     100.10000     -35.18320
     100.12000     -35.55225
     100.14000     -35.40164
     100.16000     -35.61139
     100.18000     -36.42151
     100.20000     -35.43203
     100.22000     -35.88296
     100.24000     -35.73433
     100.25999     -36.22617
     100.28000     -35.43850
     100.30000     -35.25135
     100.32000     -35.82475
     100.34000     -35.55873
     100.36000     -35.93333
     100.38000     -35.22858
     100.40000     -36.00453
     100.42000     -35.02122
     100.43999     -35.35869
     100.46000     -35.77700
     100.48000     -36.11620
     100.50000     -35.09637
     100.52000     -35.87754
     100.54000     -35.61982
     100.56000     -35.80325
     100.57999     -35.14794
     100.60000     -35.25399
     100.62000     -35.64147
     100.64000     -35.59053
     100.66000     -35.62125
     100.68000     -35.97380
     100.70000     -35.64831
     100.72000     -35.52496
     100.74000     -36.40391
     100.75999     -35.96537
     100.78000     -35.68959
     100.80000     -35.97678
     100.82000     -35.82726
     100.84000     -34.96130
     100.86000     -35.09930
     100.88000     -35.68160
     100.90000     -35.54872
     100.92000     -35.14110
     100.93999     -36.21935
     100.96000     -34.98416
     100.98000     -35.23623
     101.00000     -35.21649
     101.02000     -35.76587
     101.04000     -35.20562
     101.06000     -35.49700
     101.07999     -35.36164
     101.10000     -35.40147
     101.12000     -35.69855
     101.14000     -36.29566
     101.16000     -34.99575
     101.18000     -35.60276
     101.20000     -35.68107
     101.22000     -36.15645
     101.24000     -36.83558
     101.25999     -36.16723
     101.28000     -36.08279
     101.30000     -35.63683
     101.32000     -35.81052
     101.34000     -35.07357
     101.36000     -37.95192
     101.38000     -35.87391
     101.40000     -37.46454
     101.42000     -37.63399
     101.43999     -38.95106
     101.46000     -40.96334
     101.48000     -43.37632
     101.50000     -42.54704
     101.52000     -40.60412
     101.54000     -33.44954
     101.56000     -28.69207
     101.57999     -19.64183
     101.60000     -21.97957
     101.62000     -23.96442
     101.64000     -31.94813
     101.66000     -30.39317
     101.68000     -39.37689
     101.70000     -41.30436
     101.72000     -42.42366
     101.74000     -40.18777
     101.75999     -39.03471
     101.78000     -35.26614
     101.80000     -37.42679
     101.82000     -35.93160
     101.84000     -37.78426
     101.86000     -38.47447
     101.88000     -36.76251
     101.90000     -33.18299
     101.92000     -31.31524
     101.93999     -31.04846
     101.96000     -28.16542
     101.98000     -31.26826
     102.00000     -33.17130
     102.02000     -35.13389
     102.04000     -35.44850
     102.06000     -38.16478
     102.07999     -34.20293
     102.10000     -34.27277
     102.12000     -34.73805
     102.14000     -33.69019
     102.16000     -32.79591
     102.18000     -34.09337
     102.20000     -33.79016
     102.22000     -33.35435
     102.24000     -33.84542
     102.25999     -34.66975
     102.28000     -34.09701
     102.30000     -34.57423
     102.32000     -35.51899
     102.34000     -35.27668
     102.36000     -35.95667
     102.38000     -35.11158
     102.40000     -36.73544
     102.42000     -35.14388
     102.43999     -35.37318
     102.46000     -34.98031
     102.48000     -35.92295
     102.50000     -35.07894
     102.52000     -34.92668
     102.54000     -35.50465
     102.56000     -35.49169
     102.57999     -34.88674
     102.60000     -35.04887
     102.62000     -35.61737
     102.64000     -35.83152
     102.66000     -35.77080
     102.68000     -34.99465
     102.70000     -35.10268
     102.72000     -35.21446
     102.74000     -34.84968
     102.75999     -35.52802
     102.78000     -35.28920
     102.80000     -35.37300
     102.82000     -35.77919
     102.84000     -34.78761
     102.86000     -35.35804
     102.88000     -35.53037
     102.90000     -34.98444
     102.92000     -35.40013
     102.93999     -35.45732
     102.96000     -35.23592
     102.98000     -35.61582
     103.00000     -35.15694
     103.02000     -35.29922
     103.04000     -35.48256
     103.06000     -35.42693
     103.07999     -34.45224
     103.10000     -35.35845
     103.12000     -35.70551
     103.14000     -34.85337
     103.16000     -35.44200
     103.18000     -35.19135
     103.20000     -35.70140
     103.22000     -35.85210
     103.24000     -35.08344
     103.25999     -35.15537
     103.28000     -35.82788
     103.30000     -35.70095
     103.32000     -34.73456
     103.34000     -35.04868
     103.36000     -35.32330
     103.38000     -34.95841
     103.40000     -34.95398
     103.42000     -36.03002
     103.43999     -35.62650
     103.46000     -35.78342
     103.48000     -35.82077
     103.50000     -35.37854
     103.52000     -35.73672
     103.54000     -34.81531
     103.56000     -35.85430
     103.57999     -35.37370
     103.60000     -35.33349
     103.62000     -35.53368
     103.64000     -35.73427
     103.66000     -35.53526
     103.68000     -35.17665
     103.70000     -35.17843
     103.72000     -34.86063
     103.74000     -35.10323
     103.75999     -35.46625
     103.78000     -35.58969
     103.80000     -35.23355
     103.82000     -35.11786
     103.84000     -35.56262
     103.86000     -35.60784
     103.88000     -35.49352
     103.90000     -34.73970
     103.92000     -35.30637
     103.93999     -34.71356
     103.96000     -35.04129
     103.98000     -35.36958
     104.00000     -35.21844
     104.02000     -35.46790
     104.04000     -35.31800
     104.06000     -35.00875
     104.07999     -35.46018
     104.10000     -34.79234
     104.12000     -35.56525
     104.14000     -34.85897
     104.16000     -35.71351
     104.18000     -35.60895
     104.20000     -34.98532
     104.22000     -35.32268
     104.24000     -35.54109
     104.25999     -35.24062
     104.28000     -35.46134
     104.30000     -34.88332
     104.32000     -35.58666
     104.34000     -35.21144
     104.36000     -35.11777
     104.38000     -34.70575
     104.40000     -35.45553
     104.42000     -35.36721
     104.43999     -35.04097
     104.46000     -34.99696
     104.48000     -34.99537
     104.50000     -34.83641
     104.52000     -34.92029
     104.54000     -35.16728
     104.56000     -35.45764
     104.57999     -35.39170
     104.60000     -34.72982
     104.62000     -34.91238
     104.64000     -34.21987
     104.66000     -34.65273
     104.68000     -34.53162
     104.70000     -34.85711
     104.72000     -33.91004
     104.74000     -34.29119
     104.75999     -34.64159
     104.78000     -34.28244
     104.80000     -34.41498
     104.82000     -35.00085
     104.84000     -34.00179
     104.86000     -34.22005
     104.88000     -35.05804
     104.90000     -34.99894
     104.92000     -34.64620
     104.93999     -34.48429
     104.96000     -33.59864
     104.98000     -33.67554
     105.00000     -34.04340
     105.02000     -34.27218
     105.04000     -33.45567
     105.06000     -34.29159
     105.07999     -33.48572
     105.10000     -32.75615
     105.12000     -33.79926
     105.14000     -34.02284
     105.16000     -31.95560
     105.18000     -32.46484
     105.20000     -34.83879
     105.22000     -35.91031
     105.24000     -34.90191
     105.25999     -32.22630
     105.28000     -31.64305
     105.30000     -27.31795
     105.32000     -29.24099
     105.34000     -40.64600
     105.36000     -49.28608
     105.38000     -55.15601
     105.40000     -58.02958
     105.42000     -54.15602
     105.43999     -44.80642
     105.46000     -38.93372
     105.48000     -34.35498
     105.50000     -31.89026
     105.52000     -28.86933
     105.54000     -29.07244
     105.56000     -29.67928
     105.57999     -29.73021
     105.60000     -30.32779
     105.62000     -31.06313
     105.64000     -30.04546
     105.66000     -32.45178
     105.68000     -32.40680
     105.70000     -33.74345
     105.72000     -38.81040
     105.74000     -42.50223
     105.75999     -43.20123
     105.78000     -43.04276
     105.80000     -39.46725
     105.82000     -34.34701
     105.84000     -33.56824
     105.86000     -28.82253
     105.88000     -27.89860
     105.90000     -30.05670
     105.92000     -28.41705
     105.93999     -30.18409
     105.96000     -29.66160
     105.98000     -32.08486
     106.00000     -31.23298
     106.02000     -31.67960
     106.04000     -31.86717
     106.06000     -32.94384
     106.07999     -33.19456
     106.10000     -34.19622
     106.12000     -33.53362
     106.14000     -33.35559
     106.16000     -33.73442
     106.18000     -34.62380
     106.20000     -33.49915
     106.22000     -34.39645
     106.24000     -34.47271
     106.25999     -34.60526
     106.28000     -34.95190
     106.30000     -34.27095
     106.32000     -34.28077
     106.34000     -35.02017
     106.36000     -34.28796
     106.38000     -34.40328
     106.40000     -34.68525
     106.42000     -34.17321
     106.43999     -34.02654
     106.46000     -34.60466
     106.48000     -35.34717
     106.50000     -34.45361
     106.52000     -34.84365
     106.54000     -34.87694
     106.56000     -36.11322
     106.57999     -35.07223
     106.60000     -34.83371
     106.62000     -35.35751
     106.64000     -34.32340
     106.66000     -34.77124
     106.68000     -35.14088
     106.70000     -34.43218
     106.72000     -34.92501
     106.74000     -34.69929
     106.75999     -34.99489
     106.78000     -35.17171
     106.80000     -34.90971
     106.82000     -35.56876
     106.84000     -34.94883
     106.86000     -35.40983
     106.88000     -34.95173
     106.90000     -35.25444
     106.92000     -34.99793
     106.93999     -34.58215
     106.96000     -34.80705
     106.98000     -34.91261
     107.00000     -34.81876
     107.02000     -34.28550
     107.04000     -34.79277
     107.06000     -35.82057
     107.07999     -35.68885
     107.10000     -35.67758
     107.12000     -35.18675
     107.14000     -34.73634
     107.16000     -35.32631
     107.18000     -34.67666
     107.20000     -35.26736
     107.22000     -34.85840
     107.24000     -35.72976
     107.25999     -34.88142
     107.28000     -34.99338
     107.30000     -35.34561
     107.32000     -35.85810
     107.34000     -34.93085
     107.36000     -34.84383
     107.38000     -35.31705
     107.40000     -34.75049
     107.42000     -34.50414
     107.43999     -34.93799
     107.46000     -35.41203
     107.48000     -35.04626
     107.50000     -35.20067
     107.52000     -35.15524
     107.54000     -35.30998
     107.56000     -35.46488
     107.57999     -35.05993
     107.60000     -34.73512
     107.62000     -35.13044
     107.64000     -34.96590
     107.66000     -35.48150
     107.68000     -35.07721
     107.70000     -35.23304
     107.72000     -35.10899
     107.74000     -34.86505
     107.75999     -34.78122
     107.78000     -34.77748
     107.80000     -34.85385
     107.82000     -35.37032
     107.84000     -35.16687
     107.86000     -35.08351
     107.88000     -34.92024
     107.90000     -35.03706
     107.92000     -34.27395
     107.93999     -35.15092
     107.96000     -35.06796
     107.98000     -35.26508
     108.00000     -35.54227
     108.02000     -34.93953
     108.04000     -35.29685
     108.06000     -35.41423
     108.07999     -34.77168
     108.10000     -35.32919
     108.12000     -34.88675
     108.14000     -34.76437
     108.16000     -35.64205
     108.18000     -35.55978
     108.20000     -35.35756
     108.22000     -35.03539
     108.24000     -34.79327
     108.25999     -34.47119
     108.28000     -34.54916
     108.30000     -35.34718
     108.32000     -34.90523
     108.34000     -35.34333
     108.36000     -35.22147
     108.38000     -35.05965
     108.40000     -34.85787
     108.42000     -35.33612
     108.43999     -35.09441
     108.46000     -35.29274
     108.48000     -34.89110
     108.50000     -35.32949
     108.52000     -34.80792
     108.54000     -34.92638
     108.56000     -35.36486
     108.57999     -35.52338
     108.60000     -34.96193
     108.62000     -34.84051
     108.64000     -35.31911
     108.66000     -34.63774
     108.68000     -34.99640
     108.70000     -35.31509
     108.72000     -35.75380
     108.74000     -34.83253
     108.75999     -34.99129
     108.78000     -35.35007
     108.80000     -35.70887
     108.82000     -35.02770
     108.84000     -35.10654
     108.86000     -35.46541
     108.88000     -34.78430
     108.90000     -34.98321
     108.92000     -35.22214
     108.93999     -35.02109
     108.96000     -34.90006
     108.98000     -35.21904
     109.00000     -35.33805
     109.02000     -35.21707
     109.04000     -35.49611
     109.06000     -35.13516
     109.07999     -35.41423
     109.10000     -35.13332
     109.12000     -35.37243
     109.14000     -34.45155
     109.16000     -35.01068
     109.18000     -35.36983
     109.20000     -35.36899
     109.22000     -35.16817
     109.24000     -35.32736
     109.25999     -35.60656
     109.28000     -34.48578
     109.30000     -34.76501
     109.32000     -35.20426
     109.34000     -35.75319
     109.36000     -35.59251
     109.38000     -34.83184
     109.40000     -34.87119
     109.42000     -34.79054
     109.43999     -34.86991
     109.46000     -35.54929
     109.48000     -35.62867
     109.50000     -35.54807
     109.52000     -35.18748
     109.54000     -35.38689
     109.56000     -34.86632
     109.57999     -35.62576
     109.60000     -34.42521
     109.62000     -35.38466
     109.64000     -34.86412
     109.66000     -35.58360
     109.68000     -34.69790
     109.70000     -35.25742
     109.72000     -35.01694
     109.74000     -34.89648
     109.75999     -35.33601
     109.78000     -35.13556
     109.80000     -35.21512
     109.82000     -34.81468
     109.84000     -35.65425
     109.86000     -35.29382
     109.88000     -35.49341
     109.90000     -35.05300
     109.92000     -35.29259
     109.93999     -35.53220
     109.96000     -35.25180
     109.98000     -34.93142
     110.00000     -35.41104
     110.02000     -34.61067
     110.04000     -35.09031
     110.06000     -35.48994
     110.07999     -35.52959
     110.10000     -35.20924
     110.12000     -35.28890
     110.14000     -35.40856
     110.16000     -35.12823
     110.18000     -35.20790
     110.20000     -34.72758
     110.22000     -34.92726
     110.24000     -34.92695
     110.25999     -35.56664
     110.28000     -35.24634
     110.30000     -35.36604
     110.32000     -35.84575
     110.34000     -35.32546
     110.36000     -35.68518
     110.38000     -35.36490
     110.40000     -35.56462
     110.42000     -34.88435
     110.43999     -35.12408
     110.46000     -35.24382
     110.48000     -35.32357
     110.50000     -35.68331
     110.52000     -35.40306
     110.54000     -35.52282
     110.56000     -34.92257
     110.57999     -35.68233
     110.60000     -35.80210
     110.62000     -35.60187
     110.64000     -35.44164
     110.66000     -35.88142
     110.68000     -34.92120
     110.70000     -35.36098
     110.72000     -35.04076
     110.74000     -34.80055
     110.75999     -35.24035
     110.78000     -35.24014
     110.80000     -35.59994
     110.82000     -35.55974
     110.84000     -35.43955
     110.86000     -35.27936
     110.88000     -35.27917
     110.90000     -35.51898
     110.92000     -35.15880
     110.93999     -35.87862
     110.96000     -35.63844
     110.98000     -35.55827
     111.00000     -35.03810
     111.02000     -35.03793
     111.04000     -35.11776
     111.06000     -35.27760
     111.07999     -35.47744
     111.10000     -35.15728
     111.12000     -35.31712
     111.14000     -34.99697
     111.16000     -35.59682
     111.18000     -35.79667
     111.20000     -35.35653
     111.22000     -34.71638
     111.24000     -35.35624
     111.25999     -35.43610
     111.28000     -35.43596
     111.30000     -35.19583
     111.32000     -35.19569
     111.34000     -35.67556
     111.36000     -35.83544
     111.38000     -35.75531
     111.40000     -35.07519
     111.42000     -35.19506
     111.43999     -34.75494
     111.46000     -35.63483
     111.48000     -34.95471
     111.50000     -35.35460
     111.52000     -35.47448
     111.54000     -35.47437
     111.56000     -35.27427
     111.57999     -35.39416
     111.60000     -35.51405
     111.62000     -35.07395
     111.64000     -35.71385
     111.66000     -35.23375
     111.68000     -35.27365
     111.70000     -34.99355
     111.72000     -35.75346
     111.74000     -35.07336
     111.75999     -35.43327
     111.78000     -35.47318
     111.80000     -35.47309
     111.82000     -35.27301
     111.84000     -35.79292
     111.86000     -35.39284
     111.88000     -35.27276
     111.90000     -35.07268
     111.92000     -35.35260
     111.93999     -35.27252
     111.96000     -35.59245
     111.98000     -35.47237
     112.00000     -35.95230
     112.02000     -35.47222
     112.04000     -35.19215
     112.06000     -35.23208
     112.07999     -35.55201
     112.10000     -35.75195
     112.12000     -35.19188
     112.14000     -35.67182
     112.16000     -35.67176
     112.18000     -35.27169
     112.20000     -35.03164
     112.22000     -34.75158
     112.24000     -34.79152
     112.25999     -35.43146
     112.28000     -35.51140
     112.30000     -35.19135
     112.32000     -35.79129
     112.34000     -35.39124
     112.36000     -35.47119
     112.38000     -35.67114
     112.39999     -35.47109
     112.42000     -35.31105
     112.43999     -35.51100
     112.46000     -34.99095
     112.48000     -35.23091
     112.50000     -35.59087
     112.52000     -35.51082
     112.54000     -35.23078
     112.56000     -35.27074
     112.57999     -34.95070
     112.60000     -35.63066
     112.62000     -35.71062
     112.64000     -35.67059
     112.66000     -35.63055
     112.68000     -35.11052
     112.70000     -35.19048
     112.72000     -35.71045
     112.74000     -35.11042
     112.75999     -35.39039
     112.78000     -35.35036
     112.80000     -35.87033
     112.82000     -35.87030
     112.84000     -35.91027
     112.86000     -35.71024
     112.88000     -35.43022
     112.89999     -35.15019
     112.92000     -35.35017
     112.93999     -35.23014
     112.96000     -35.31012
     112.98000     -35.47010
     113.00000     -35.19008
     113.02000     -35.31006
     113.04000     -35.55004
     113.06000     -35.87002
     113.07999     -35.23000
     113.10000     -35.89866
     113.12000     -35.13871
     113.14000     -35.49874
     113.16000     -35.21879
     113.18000     -35.17883
     113.20000     -35.05888
     113.22000     -35.85892
     113.24000     -35.37896
     113.25999     -35.69901
     113.28000     -35.05905
     113.30000     -35.53909
     113.32000     -35.01914
     113.34000     -34.81918
     113.36000     -35.09923
     113.38000     -35.69927
     113.39999     -35.37932
     113.42000     -34.93937
     113.43999     -35.17941
     113.46000     -35.21378
     113.48000     -35.49385
     113.50000     -35.25393
     113.52000     -35.33401
     113.54000     -35.53408
     113.56000     -35.21416
     113.57999     -35.49423
     113.60000     -35.61431
     113.62000     -35.57439
     113.64000     -35.01446
     113.66000     -35.21453
     113.68000     -35.41461
     113.70000     -35.81469
     113.72000     -34.97476
     113.74000     -35.41484
     113.75999     -35.33492
     113.78000     -35.05499
     113.80000     -35.25507
     113.82000     -35.49514
     113.84000     -35.05522
     113.86000     -35.53529
     113.88000     -35.53537
     113.89999     -35.13544
     113.92000     -36.01552
     113.93999     -35.41560
     113.96000     -35.49567
     113.98000     -35.41575
     114.00000     -35.57582
     114.02000     -35.25590
     114.04000     -35.05598
     114.06000     -35.25605
     114.07999     -35.89613
     114.10000     -35.41620
     114.12000     -35.69628
     114.14000     -35.21635
     114.16000     -35.21643
     114.18000     -35.45650
     114.20000     -35.77658
     114.22000     -35.53666
     114.24000     -35.49673
     114.25999     -35.13681
     114.28000     -34.85688
     114.30000     -35.33696
     114.32000     -35.17704
     114.34000     -35.41711
     114.36000     -35.77719
     114.38000     -35.09726
     114.39999     -35.29734
     114.42000     -35.61742
     114.43999     -35.13749
     114.46000     -35.01757
     114.48000     -35.45764
     114.50000     -35.25772
     114.52000     -35.37779
     114.54000     -35.25787
     114.56000     -35.69794
     114.57999     -35.53802
     114.60000     -35.45810
     114.62000     -35.21817
     114.64000     -35.29825
     114.66000     -35.45832
     114.68000     -34.81840
     114.70000     -35.77848
     114.72000     -35.05855
     114.74000     -35.73863
     114.75999     -35.29870
     114.78000     -35.13878
     114.80000     -35.21885
     114.82000     -35.81893
     114.84000     -35.09901
     114.86000     -35.73908
     114.88000     -35.37916
     114.89999     -35.53923
     114.92000     -35.77931
     114.93999     -35.01938
     114.96000     -35.13946
     114.98000     -34.73954
     115.00000     -35.45961
     115.02000     -34.93969
     115.04000     -35.17976
     115.06000     -35.09984
     115.07999     -35.29992
     115.10000     -35.29999
     115.12000     -34.90007
     115.14000     -35.22014
     115.16000     -35.30022
     115.18000     -35.62029
     115.20000     -35.34037
     115.22000     -35.58044
     115.24000     -35.30052
     115.25999     -34.86060
     115.28000     -34.86067
     115.30000     -35.46075
     115.32000     -35.62082
     115.34000     -35.82090
     115.36000     -35.38097
     115.38000     -35.50105
     115.39999     -35.06113
     115.42000     -34.86120
     115.43999     -34.90128
     115.46000     -35.74135
     115.48000     -35.34143
     115.50000     -35.06150
     115.52000     -35.22158
     115.54000     -34.94166
     115.56000     -35.62173
     115.57999     -35.18181
     115.60000     -34.86189
     115.62000     -35.42196
     115.64000     -35.18203
     115.66000     -35.42211
     115.68000     -35.14219
     115.70000     -35.10226
     115.72000     -35.06234
     115.74000     -35.30241
     115.75999     -35.30249
     115.78000     -35.58257
     115.80000     -35.42264
     115.82000     -34.90272
     115.84000     -35.38279
     115.86000     -35.22287
     115.88000     -35.18295
     115.89999     -35.34302
     115.92000     -35.30310
     115.93999     -36.02317
     115.96000     -35.02325
     115.98000     -35.02332
     116.00000     -35.46340
     116.02000     -35.14347
     116.04000     -35.74355
     116.06000     -35.26363
     116.07999     -35.38370
     116.10000     -35.50378
     116.12000     -35.62385
     116.14000     -35.42393
     116.16000     -35.26400
     116.18000     -35.46408
     116.20000     -35.06416
     116.22000     -35.42423
     116.24000     -35.38431
     116.25999     -34.86438
     116.28000     -35.02446
     116.30000     -34.86454
     116.32000     -35.30461
     116.34000     -35.10469
     116.36000     -34.74476
     116.38000     -35.06484
     116.39999     -35.18491
     116.42000     -35.74499
