! TITLE: Yobs                                                                                                                                                                                                                                                            
! Peak:  3
      62.92000       1.66236
      62.94000       1.66244
      62.96000       1.66251
      62.98000       1.66259
      63.00000       1.66266
      63.02000       1.66274
      63.04000       1.66281
      63.06000       1.66289
      63.08000       1.66297
      63.10000       1.66304
      63.12000       1.66312
      63.14000       1.66319
      63.16000       1.66327
      63.18000       1.66334
      63.20000       1.66342
      63.22000       1.66350
      63.24000       1.66357
      63.26000       1.66365
      63.28000       1.66372
      63.30000       1.66380
      63.32000       1.66387
      63.34000       1.66395
      63.36000       1.66403
      63.38000       1.66410
      63.40000       1.66418
      63.42000       1.66425
      63.44000       1.66433
      63.46000       1.66440
      63.48000       1.66448
      63.50000       1.66456
      63.52000       1.66463
      63.54000       1.66471
      63.56000       1.66478
      63.58000       1.66486
      63.60000       1.66494
      63.62000       1.66501
      63.64000       1.66509
      63.66000       1.66516
      63.68000       1.66524
      63.70000       1.66531
      63.72000       1.66539
      63.74000       1.66547
      63.76000       1.66554
      63.78000       1.66562
      63.80000       1.66569
      63.82000       1.66577
      63.84000       1.66584
      63.86000       1.66592
      63.88000       1.66600
      63.90000       1.66607
      63.92000       1.66615
      63.94000       1.66622
      63.96000       1.66630
      63.98000       1.66637
      64.00000       1.66645
      64.02000       1.66653
      64.04000       1.66660
      64.06000       1.66668
      64.08000       1.66675
      64.10000       1.66683
      64.12000       1.66690
      64.14000       1.66698
      64.16000       1.66706
      64.18000       1.66713
      64.20000       1.66721
      64.22000       1.66728
      64.24000       1.66736
      64.26000       1.66743
      64.28000       1.66751
      64.30000       1.66759
      64.32000       1.66766
      64.34000       1.66774
      64.36000       1.66781
      64.38000       1.66789
      64.40000       1.66797
      64.42000       1.66804
      64.44000       1.66812
      64.46000       1.66819
      64.48000       1.66827
      64.50000       1.66834
      64.52000       1.66842
      64.54000       1.66850
      64.56000       1.66857
      64.58000       1.66865
      64.60000       1.66872
      64.62000       1.66880
      64.64000       1.66887
      64.66000       1.66895
      64.68000       1.66903
      64.70000       1.66910
      64.72000       1.66918
      64.74000       1.66925
      64.76000       1.66933
      64.78000       1.66940
      64.80000       1.66948
      64.82000       1.66956
      64.84000       1.66963
      64.86000       1.66971
      64.88000       1.66978
      64.90000       1.66986
      64.92000       1.66993
      64.94000       1.67001
      64.96000       1.67009
      64.98000       1.67016
      65.00000       1.67024
      65.02000       1.67031
      65.04000       1.67039
      65.06000       1.67046
      65.08000       1.67054
      65.10000       1.67062
      65.12000       1.67069
      65.14000       1.67077
      65.16000       1.67084
      65.18000       1.67092
      65.20000       1.67100
      65.22000       1.67107
      65.24000       1.67115
      65.26000       1.67122
      65.28000       1.67130
      65.30000       1.67137
      65.32000       1.67145
      65.34000       1.67153
      65.36000       1.67160
      65.38000       1.67168
      65.40000       1.67175
      65.42000       1.67183
      65.44000       1.67190
      65.46000       1.67198
      65.48000       1.67206
      65.50000       1.67213
      65.52000       1.67221
      65.54000       1.67228
      65.56000       1.67236
      65.58000       1.67243
      65.60000       1.67251
      65.62000       1.67259
      65.64000       1.67266
      65.66000       1.67274
      65.68000       1.67281
      65.70000       1.67289
      65.72000       1.67296
      65.74000       1.67304
      65.76000       1.67312
      65.78000       1.67319
      65.80000       1.67327
      65.82000       1.67334
      65.84000       1.67342
      65.86000       1.67349
      65.88000       1.67357
      65.90000       1.67365
      65.92000       1.67372
      65.94000       1.67380
      65.96000       1.67387
      65.98000       1.67395
      66.00000       1.67403
      66.02000       1.67410
      66.04000       1.67418
      66.06000       1.67425
      66.08000       1.67433
      66.10000       1.67440
      66.12000       1.67448
      66.14000       1.67456
      66.16000       1.67463
      66.18000       1.67471
      66.20000       1.67478
      66.22000       1.67486
      66.24000       1.67493
      66.26000       1.67501
      66.28000       1.67509
      66.30000       1.67516
      66.32000       1.67524
      66.34000       1.67531
      66.36000       1.67539
      66.38000       1.67546
      66.40000       1.67554
      66.42000       1.67562
      66.44000       1.67569
      66.46000       1.67577
      66.48000       1.67584
      66.50000       1.67592
      66.52000       1.67599
      66.54000       1.67607
      66.56000       1.67615
      66.58000       1.67622
      66.60000       1.67630
      66.62000       1.67637
      66.64000       1.67645
      66.66000       1.67652
      66.68000       1.67660
      66.70000       1.67668
      66.72000       1.67675
      66.74000       1.67683
      66.76000       1.67690
      66.78000       1.67698
      66.80000       1.67706
      66.82000       1.67713
      66.84000       1.67721
      66.86000       1.67728
      66.88000       1.67736
      66.90000       1.67743
      66.92000       1.67751
      66.94000       1.67759
      66.96000       1.67766
      66.98000       1.67774
      67.00000       1.67781
      67.02000       1.67789
      67.04000       1.67796
      67.06000       1.67804
      67.08000       1.67812
      67.10000       1.67819
      67.12000       1.67827
      67.14000       1.67834
      67.16000       1.67842
      67.18000       1.67849
      67.20000       1.67857
      67.22000       1.67865
      67.24000       1.67872
      67.26000       1.67880
      67.28000       1.67887
      67.30000       1.67895
      67.32000       1.67902
      67.34000       1.67910
      67.36000       1.67918
      67.38000       1.67925
      67.40000       1.67933
      67.42000       1.67940
      67.44000       1.67948
      67.46000       1.67955
      67.48000       1.67963
      67.50000       1.67971
      67.52000       1.67978
      67.54000       1.67986
      67.56000       1.67993
      67.58000       1.68001
      67.60000       1.68008
      67.62000       1.68016
      67.64000       1.68024
      67.66000       1.68031
      67.68000       1.68039
      67.70000       1.68046
      67.72000       1.68054
      67.74000       1.68062
      67.76000       1.68069
      67.78000       1.68077
      67.80000       1.68084
      67.82000       1.68092
      67.84000       1.68099
      67.86000       1.68107
      67.88000       1.68115
      67.90000       1.68122
      67.92000       1.68130
      67.94000       1.68137
      67.96000       1.68145
      67.98000       1.68152
      68.00000       1.68160
      68.02000       1.68168
      68.04000       1.68175
      68.06000       1.68183
      68.08000       1.68190
      68.10000       1.68198
      68.12000       1.68205
      68.14000       1.68213
      68.16000       1.68221
      68.18000       1.68228
      68.20000       1.68236
      68.22000       1.68243
      68.24000       1.68251
      68.26000       1.68258
      68.28000       1.68266
      68.30000       1.68274
      68.32000       1.68281
      68.34000       1.68289
      68.36000       1.68296
      68.38000       1.68304
      68.40000       1.68312
      68.42000       1.68319
      68.44000       1.68327
      68.46000       1.68334
      68.48000       1.68342
      68.50000       1.68349
      68.52000       1.68357
      68.54000       1.68365
      68.56000       1.68372
      68.58000       1.68380
      68.60000       1.68387
      68.62000       1.68395
      68.64000       1.68402
      68.66000       1.68410
      68.68000       1.68418
      68.70000       1.68425
      68.72000       1.68433
      68.74000       1.68440
      68.76000       1.68448
      68.78000       1.68455
      68.80000       1.68463
      68.82000       1.68471
      68.84000       1.68478
      68.86000       1.68486
      68.88000       1.68493
      68.90000       1.68501
      68.92000       1.68508
      68.94000       1.68516
      68.96000       1.68524
      68.98000       1.68531
      69.00000       1.68539
      69.02000       1.68546
      69.04000       1.68554
      69.06000       1.68561
      69.08000       1.68569
      69.10000       1.68577
      69.12000       1.68584
      69.14000       1.68592
      69.16000       1.68599
      69.18000       1.68607
      69.20000       1.68614
      69.22000       1.68622
      69.24000       1.68630
      69.26000       1.68637
      69.28000       1.68645
      69.30000       1.68652
      69.32000       1.68660
      69.34000       1.68668
      69.36000       1.68675
      69.38000       1.68683
      69.40000       1.68690
      69.42000       1.68698
      69.44000       1.68705
      69.46000       1.68713
      69.48000       1.68721
      69.50000       1.68728
      69.52000       1.68736
      69.54000       1.68743
      69.56000       1.68751
      69.58000       1.68758
      69.60000       1.68766
      69.62000       1.68774
      69.64000       1.68781
      69.66000       1.68789
      69.68000       1.68796
      69.70000       1.68804
      69.72000       1.68811
      69.74000       1.68819
      69.76000       1.68827
      69.78000       1.68834
      69.80000       1.68842
      69.82000       1.68849
      69.84000       1.68857
      69.86000       1.68864
      69.88000       1.68872
      69.90000       1.68880
      69.92000       1.68887
      69.94000       1.68895
      69.96000       1.68902
      69.98000       1.68910
      70.00000       1.68917
      70.02000       1.68925
      70.04000       1.68933
      70.06000       1.68940
      70.08000       1.68948
      70.10000       1.68955
      70.12000       1.68963
      70.14000       1.68971
      70.16000       1.68978
      70.18000       1.68986
      70.20000       1.68993
      70.22000       1.69001
      70.24000       1.69008
      70.26000       1.69016
      70.28000       1.69024
      70.30000       1.69031
      70.32000       1.69039
      70.34000       1.69046
      70.36000       1.69054
      70.38000       1.69061
      70.40000       1.69069
      70.42000       1.69077
      70.44000       1.69084
      70.46000       1.69092
      70.48000       1.69099
      70.50000       1.69107
      70.52000       1.69114
      70.54000       1.69122
      70.56000       1.69130
      70.58000       1.69137
      70.60000       1.69145
      70.62000       1.69152
      70.64000       1.69160
      70.66000       1.69167
      70.68000       1.69175
      70.70000       1.69183
      70.72000       1.69190
      70.74000       1.69198
      70.76000       1.69205
      70.78000       1.69213
      70.80000       1.69220
      70.82000       1.69228
      70.84000       1.69236
      70.86000       1.69243
      70.88000       1.69251
      70.90000       1.69258
      70.92000       1.69266
      70.94000       1.69274
      70.96000       1.69281
      70.98000       1.69289
      71.00000       1.69296
      71.02000       1.69304
      71.04000       1.69311
      71.06000       1.69319
      71.08000       1.69327
      71.10000       1.69334
      71.12000       1.69342
      71.14000       1.69349
      71.16000       1.69357
      71.18000       1.69364
      71.20000       1.69372
      71.22000       1.69380
      71.24000       1.69387
      71.26000       1.69395
      71.28000       1.69402
      71.30000       1.69410
      71.32000       1.69417
      71.34000       1.69425
      71.36000       1.69433
      71.38000       1.69440
      71.40000       1.69448
      71.42000       1.69455
      71.44000       1.69463
      71.46000       1.69470
      71.48000       1.69478
      71.50000       1.69486
      71.52000       1.69493
      71.54000       1.69501
      71.56000       1.69508
      71.58000       1.69516
      71.60000       1.69523
      71.62000       1.69531
      71.64000       1.69539
      71.66000       1.69546
      71.68000       1.69554
      71.70000       1.69561
      71.72000       1.69569
      71.74000       1.69577
      71.76000       1.69584
      71.78000       1.69592
      71.80000       1.69599
      71.82000       1.69607
      71.84000       1.69614
      71.86000       1.69622
      71.88000       1.69630
      71.90000       1.69637
      71.92000       1.69645
      71.93999       1.69652
      71.96000       1.69660
      71.98000       1.69667
      72.00000       1.69675
      72.02000       1.69683
      72.04000       1.69690
      72.06000       1.69698
      72.08000       1.69705
      72.10000       1.69713
      72.12000       1.69720
      72.14000       1.69728
      72.16000       1.69736
      72.18000       1.69743
      72.20000       1.69751
      72.22000       1.69758
      72.24000       1.69766
      72.26000       1.69773
      72.28000       1.69781
      72.30000       1.69789
      72.32000       1.69796
      72.34000       1.69804
      72.36000       1.69811
      72.38000       1.69819
      72.40000       1.69826
      72.42000       1.69834
      72.43999       1.69842
      72.46000       1.69849
      72.48000       1.69857
      72.50000       1.69864
      72.52000       1.69872
      72.54000       1.69880
      72.56000       1.69887
      72.58000       1.69895
      72.60000       1.69902
      72.62000       1.69910
      72.64000       1.69917
      72.66000       1.69925
      72.68000       1.69933
      72.70000       1.69940
      72.72000       1.69948
      72.74000       1.69955
      72.76000       1.69963
      72.78000       1.69970
      72.80000       1.69978
      72.82000       1.69986
      72.84000       1.69993
      72.86000       1.70001
      72.88000       1.70008
      72.90000       1.70016
      72.92000       1.70023
      72.93999       1.70031
      72.96000       1.70039
      72.98000       1.70046
      73.00000       1.70054
      73.02000       1.70061
      73.04000       1.70069
      73.06000       1.70076
      73.08000       1.70084
      73.10000       1.70092
      73.12000       1.70099
      73.14000       1.70107
      73.16000       1.70114
      73.18000       1.70122
      73.20000       1.70129
      73.22000       1.70137
      73.24000       1.70145
      73.26000       1.70152
      73.28000       1.70160
      73.30000       1.70167
      73.32000       1.70175
      73.34000       1.70183
      73.36000       1.70190
      73.38000       1.70198
      73.40000       1.70205
      73.42000       1.70213
      73.43999       1.70220
      73.46000       1.70228
      73.48000       1.70236
      73.50000       1.70243
      73.52000       1.70251
      73.54000       1.70258
      73.56000       1.70266
      73.58000       1.70273
      73.60000       1.70281
      73.62000       1.70289
      73.64000       1.70296
      73.66000       1.70304
      73.68000       1.70311
      73.70000       1.70319
      73.72000       1.70326
      73.74000       1.70334
      73.76000       1.70342
      73.78000       1.70349
      73.80000       1.70357
      73.82000       1.70364
      73.84000       1.70372
      73.86000       1.70379
      73.88000       1.70387
      73.90000       1.70395
      73.92000       1.70402
      73.93999       1.70410
      73.96000       1.70417
      73.98000       1.70425
      74.00000       1.70432
      74.02000       1.70440
      74.04000       1.70448
      74.06000       1.70455
      74.08000       1.70463
      74.10000       1.70470
      74.12000       1.70478
      74.14000       1.70485
      74.16000       1.70493
      74.18000       1.70501
      74.20000       1.70508
      74.22000       1.70516
      74.24000       1.70523
      74.26000       1.70531
      74.28000       1.70539
      74.30000       1.70546
      74.32000       1.70554
      74.34000       1.70561
      74.36000       1.70569
      74.38000       1.70576
      74.40000       1.70584
      74.42000       1.70592
      74.43999       1.70599
      74.46000       1.70607
      74.48000       1.70614
      74.50000       1.70622
      74.52000       1.70629
      74.54000       1.70637
      74.56000       1.70645
      74.58000       1.70652
      74.60000       1.70660
      74.62000       1.70667
      74.64000       1.70675
      74.66000       1.70682
      74.68000       1.70690
      74.70000       1.70698
      74.72000       1.70705
      74.74000       1.70713
      74.76000       1.70720
      74.78000       1.70728
      74.80000       1.70735
      74.82000       1.70743
      74.84000       1.70751
      74.86000       1.70758
      74.88000       1.70766
      74.90000       1.70773
      74.92000       1.70781
      74.93999       1.70788
      74.96000       1.70796
      74.98000       1.70804
      75.00000       1.70811
      75.02000       1.70819
      75.04000       1.70826
      75.06000       1.70834
      75.08000       1.70842
      75.10000       1.70849
      75.12000       1.70857
      75.14000       1.70864
      75.16000       1.70872
      75.18000       1.70879
      75.20000       1.70887
      75.22000       1.70895
      75.24000       1.70902
      75.26000       1.70910
      75.28000       1.70917
      75.30000       1.70925
      75.32000       1.70932
      75.34000       1.70940
      75.36000       1.70948
      75.38000       1.70955
      75.40000       1.70963
      75.42000       1.70970
      75.43999       1.70978
      75.46000       1.70985
      75.48000       1.70993
      75.50000       1.71001
      75.52000       1.71008
      75.54000       1.71016
      75.56000       1.71023
      75.58000       1.71031
      75.60000       1.71038
      75.62000       1.71046
      75.64000       1.71054
      75.66000       1.71061
      75.68000       1.71069
      75.70000       1.71076
      75.72000       1.71084
      75.74000       1.71091
      75.76000       1.71099
      75.78000       1.71107
      75.80000       1.71114
      75.82000       1.71122
      75.84000       1.71129
      75.86000       1.71137
      75.88000       1.71145
      75.90000       1.71152
      75.92000       1.71160
      75.93999       1.71167
      75.96000       1.71175
      75.98000       1.71182
      76.00000       1.71190
      76.02000       1.71198
      76.04000       1.71205
      76.06000       1.71213
      76.08000       1.71220
      76.10000       1.71228
      76.12000       1.71235
      76.14000       1.71243
      76.16000       1.71251
      76.18000       1.71258
      76.20000       1.71266
      76.22000       1.71273
      76.24000       1.71281
      76.26000       1.71288
      76.28000       1.71296
      76.30000       1.71304
      76.32000       1.71311
      76.34000       1.71319
      76.36000       1.71326
      76.38000       1.71334
      76.40000       1.71341
      76.42000       1.71349
      76.43999       1.71357
      76.46000       1.71364
      76.48000       1.71372
      76.50000       1.71379
      76.52000       1.71387
      76.54000       1.71394
      76.56000       1.71402
      76.58000       1.71410
      76.60000       1.71417
      76.62000       1.71425
      76.64000       1.71432
      76.66000       1.71440
      76.68000       1.71448
      76.70000       1.71455
      76.72000       1.71463
      76.74000       1.71470
      76.76000       1.71478
      76.78000       1.71485
      76.80000       1.71493
      76.82000       1.71501
      76.84000       1.71508
      76.86000       1.71516
      76.88000       1.71523
      76.90000       1.71531
      76.92000       1.71538
      76.93999       1.71546
      76.96000       1.71554
      76.98000       1.71561
      77.00000       1.71569
      77.02000       1.71576
      77.04000       1.71584
      77.06000       1.71591
      77.08000       1.71599
      77.10000       1.71607
      77.12000       1.71614
      77.14000       1.71622
      77.16000       1.71629
      77.18000       1.71637
      77.20000       1.71644
      77.22000       1.71652
      77.24000       1.71660
      77.26000       1.71667
      77.28000       1.71675
      77.30000       1.71682
      77.32000       1.71690
      77.34000       1.71697
      77.36000       1.71705
      77.38000       1.71713
      77.40000       1.71720
      77.42000       1.71728
      77.43999       1.71735
      77.46000       1.71743
      77.48000       1.71750
      77.50000       1.71758
      77.52000       1.71766
      77.54000       1.71773
      77.56000       1.71781
      77.58000       1.71788
      77.60000       1.71796
      77.62000       1.71804
      77.64000       1.71811
      77.66000       1.71819
      77.68000       1.71826
      77.70000       1.71834
      77.72000       1.71841
      77.74000       1.71849
      77.76000       1.71857
      77.78000       1.71864
      77.80000       1.71872
      77.82000       1.71879
      77.84000       1.71887
      77.86000       1.71894
      77.88000       1.71902
      77.90000       1.71910
      77.92000       1.71917
      77.93999       1.71925
      77.96000       1.71932
      77.98000       1.71940
      78.00000       1.71947
      78.02000       1.71955
      78.04000       1.71963
      78.06000       1.71970
      78.08000       1.71978
      78.10000       1.71985
      78.12000       1.71993
      78.14000       1.72000
      78.16000       1.72008
      78.18000       1.72016
      78.20000       1.72023
      78.22000       1.72031
      78.24000       1.72038
      78.26000       1.72046
      78.28000       1.72054
      78.30000       1.72061
      78.32000       1.72069
      78.34000       1.72076
      78.36000       1.72084
      78.38000       1.72091
      78.40000       1.72099
      78.42000       1.72107
      78.43999       1.72114
      78.46000       1.72122
      78.48000       1.72129
      78.50000       1.72137
      78.52000       1.72144
      78.54000       1.72152
      78.56000       1.72160
      78.58000       1.72167
      78.60000       1.72175
      78.62000       1.72182
      78.64000       1.72190
      78.66000       1.72197
      78.68000       1.72205
      78.70000       1.72213
      78.72000       1.72220
      78.74000       1.72228
      78.76000       1.72235
      78.78000       1.72243
      78.80000       1.72250
      78.82000       1.72258
      78.84000       1.72266
      78.86000       1.72273
      78.88000       1.72281
      78.90000       1.72288
      78.92000       1.72296
      78.93999       1.72303
      78.96000       1.72311
      78.98000       1.72319
      79.00000       1.72326
      79.02000       1.72334
      79.04000       1.72341
      79.06000       1.72349
      79.08000       1.72356
      79.10000       1.72364
      79.12000       1.72372
      79.14000       1.72379
      79.16000       1.72387
      79.18000       1.72394
      79.20000       1.72402
      79.22000       1.72410
      79.24000       1.72417
      79.26000       1.72425
      79.28000       1.72432
      79.30000       1.72440
      79.32000       1.72447
      79.34000       1.72455
      79.36000       1.72463
      79.38000       1.72470
      79.40000       1.72478
      79.42000       1.72485
      79.43999       1.72493
      79.46000       1.72500
      79.48000       1.72508
      79.50000       1.72516
      79.52000       1.72523
      79.54000       1.72531
      79.56000       1.72538
      79.58000       1.72546
      79.60000       1.72553
      79.62000       1.72561
      79.64000       1.72569
      79.66000       1.72576
      79.68000       1.72584
      79.70000       1.72591
      79.72000       1.72599
      79.74000       1.72606
      79.76000       1.72614
      79.78000       1.72622
      79.80000       1.72629
      79.82000       1.72637
      79.84000       1.72644
      79.86000       1.72652
      79.88000       1.72659
      79.90000       1.72667
      79.92000       1.72675
      79.93999       1.72682
      79.96000       1.72690
      79.98000       1.72697
      80.00000       1.72705
      80.02000       1.72713
      80.04000       1.72720
      80.06000       1.72728
      80.08000       1.72735
      80.10000       1.72743
      80.12000       1.72750
      80.14000       1.72758
      80.16000       1.72766
      80.18000       1.72773
      80.20000       1.72781
      80.22000       1.72788
      80.24000       1.72796
      80.26000       1.72803
      80.28000       1.72811
      80.30000       1.72819
      80.32000       1.72826
      80.34000       1.72834
      80.36000       1.72841
      80.38000       1.72849
      80.40000       1.72856
      80.42000       1.72864
      80.43999       1.72872
      80.46000       1.72879
      80.48000       1.72887
      80.50000       1.72894
      80.52000       1.72902
      80.54000       1.72909
      80.56000       1.72917
      80.58000       1.72925
      80.60000       1.72932
      80.62000       1.72940
      80.64000       1.72947
      80.66000       1.72955
      80.68000       1.72962
      80.70000       1.72970
      80.72000       1.72978
      80.74000       1.72985
      80.76000       1.72993
      80.78000       1.73000
      80.80000       1.73008
      80.82000       1.73016
      80.84000       1.73023
      80.86000       1.73031
      80.88000       1.73038
      80.90000       1.73046
      80.92000       1.73053
      80.93999       1.73061
      80.96000       1.73069
      80.98000       1.73076
      81.00000       1.73084
      81.02000       1.73091
      81.04000       1.73099
      81.06000       1.73106
      81.08000       1.73114
      81.10000       1.73122
      81.12000       1.73129
      81.14000       1.73137
      81.16000       1.73144
      81.18000       1.73152
      81.20000       1.73159
      81.22000       1.73167
      81.24000       1.73175
      81.26000       1.73182
      81.28000       1.73190
      81.30000       1.73197
      81.32000       1.73205
      81.34000       1.73212
      81.36000       1.73220
      81.38000       1.73228
      81.40000       1.73235
      81.42000       1.73243
      81.43999       1.73250
      81.46000       1.73258
      81.48000       1.73265
      81.50000       1.73273
      81.52000       1.73281
      81.54000       1.73288
      81.56000       1.73296
      81.58000       1.73303
      81.60000       1.73311
      81.62000       1.73319
      81.64000       1.73326
      81.66000       1.73334
      81.68000       1.73341
      81.70000       1.73349
      81.72000       1.73356
      81.74000       1.73364
      81.76000       1.73372
      81.78000       1.73379
      81.80000       1.73387
      81.82000       1.73394
      81.84000       1.73402
      81.86000       1.73409
      81.88000       1.73417
      81.90000       1.73425
      81.92000       1.73432
      81.93999       1.73440
      81.96000       1.73447
      81.98000       1.73455
      82.00000       1.73462
      82.02000       1.73470
      82.04000       1.73478
      82.06000       1.73485
      82.08000       1.73493
      82.10000       1.73500
      82.12000       1.73508
      82.14000       1.73515
      82.16000       1.73523
      82.18000       1.73531
      82.20000       1.73538
      82.22000       1.73546
      82.24000       1.73553
      82.26000       1.73561
      82.28000       1.73568
      82.30000       1.73576
      82.32000       1.73584
      82.34000       1.73591
      82.36000       1.73599
      82.38000       1.73606
      82.40000       1.73614
      82.42000       1.73621
      82.43999       1.73629
      82.46000       1.73637
      82.48000       1.73644
      82.50000       1.73652
      82.52000       1.73659
      82.54000       1.73667
      82.56000       1.73675
      82.58000       1.73682
      82.60000       1.73690
      82.62000       1.73697
      82.64000       1.73705
      82.66000       1.73712
      82.68000       1.73720
      82.70000       1.73728
      82.72000       1.73735
      82.74000       1.73743
      82.76000       1.73750
      82.78000       1.73758
      82.80000       1.73765
      82.82000       1.73773
      82.84000       1.73781
      82.86000       1.73788
      82.88000       1.73796
      82.90000       1.73803
      82.92000       1.73811
      82.93999       1.73818
      82.96000       1.73826
      82.98000       1.73834
      83.00000       1.73841
      83.02000       1.73849
      83.04000       1.73856
      83.06000       1.73864
      83.08000       1.73871
      83.10000       1.73879
      83.12000       1.73887
      83.14000       1.73894
      83.16000       1.73902
      83.18000       1.73909
      83.20000       1.73917
      83.22000       1.73925
      83.24000       1.73932
      83.26000       1.73940
      83.28000       1.73947
      83.30000       1.73955
      83.32000       1.73962
      83.34000       1.73970
      83.36000       1.73978
      83.38000       1.73985
      83.40000       1.73993
      83.42000       1.74000
      83.43999       1.74008
      83.46000       1.74015
      83.48000       1.74023
      83.50000       1.74031
      83.52000       1.74038
      83.54000       1.74046
      83.56000       1.74053
      83.58000       1.74061
      83.60000       1.74068
      83.62000       1.74076
      83.64000       1.74084
      83.66000       1.74091
      83.68000       1.74099
      83.70000       1.74106
      83.72000       1.74114
      83.74000       1.74121
      83.76000       1.74129
      83.78000       1.74137
      83.80000       1.74144
      83.82000       1.74152
      83.84000       1.74159
      83.86000       1.74167
      83.88000       1.74174
      83.90000       1.74182
      83.92000       1.74190
      83.93999       1.74197
      83.96000       1.74205
      83.98000       1.74212
      84.00000       1.74220
      84.02000       1.74227
      84.04000       1.74235
      84.06000       1.74243
      84.08000       1.74250
      84.10000       1.74258
      84.12000       1.74265
      84.14000       1.74273
      84.16000       1.74281
      84.18000       1.74288
      84.20000       1.74296
      84.22000       1.74303
      84.24000       1.74311
      84.26000       1.74318
      84.28000       1.74326
      84.30000       1.74334
      84.32000       1.74341
      84.34000       1.74349
      84.36000       1.74356
      84.38000       1.74364
      84.40000       1.74371
      84.42000       1.74379
      84.43999       1.74387
      84.46000       1.74394
      84.48000       1.74402
      84.50000       1.74409
      84.52000       1.74417
      84.54000       1.74424
      84.56000       1.74432
      84.58000       1.74440
      84.60000       1.74447
      84.62000       1.74455
      84.64000       1.74462
      84.66000       1.74470
      84.68000       1.74477
      84.70000       1.74485
      84.72000       1.74493
      84.74000       1.74500
      84.76000       1.74508
      84.78000       1.74515
      84.80000       1.74523
      84.82000       1.74530
      84.84000       1.74538
      84.86000       1.74546
      84.88000       1.74553
      84.90000       1.74561
      84.92000       1.74568
      84.93999       1.74576
      84.96000       1.74584
      84.98000       1.74591
      85.00000       1.74599
      85.02000       1.74606
      85.04000       1.74614
      85.06000       1.74621
      85.08000       1.74629
      85.10000       1.74637
      85.12000       1.74644
      85.14000       1.74652
      85.16000       1.74659
      85.18000       1.74667
      85.20000       1.74674
      85.22000       1.74682
      85.24000       1.74690
      85.25999       1.74697
      85.28000       1.74705
      85.30000       1.74712
      85.32000       1.74720
      85.34000       1.74727
      85.36000       1.74735
      85.38000       1.74743
      85.40000       1.74750
      85.42000       1.74758
      85.43999       1.74765
      85.46000       1.74773
      85.48000       1.74780
      85.50000       1.74788
      85.52000       1.74796
      85.54000       1.74803
      85.56000       1.74811
      85.58000       1.74818
      85.60000       1.74826
      85.62000       1.74833
      85.64000       1.74841
      85.66000       1.74849
      85.68000       1.74856
      85.70000       1.74864
      85.72000       1.74871
      85.74000       1.74879
      85.75999       1.74887
      85.78000       1.74894
      85.80000       1.74902
      85.82000       1.74909
      85.84000       1.74917
      85.86000       1.74924
      85.88000       1.74932
      85.90000       1.74940
      85.92000       1.74947
      85.93999       1.74955
      85.96000       1.74962
      85.98000       1.74970
      86.00000       1.74977
      86.02000       1.74985
      86.04000       1.74993
      86.06000       1.75000
      86.08000       1.75008
      86.10000       1.75015
      86.12000       1.75023
      86.14000       1.75030
      86.16000       1.75038
      86.18000       1.75046
      86.20000       1.75053
      86.22000       1.75061
      86.24000       1.75068
      86.25999       1.75076
      86.28000       1.75083
      86.30000       1.75091
      86.32000       1.75099
      86.34000       1.75106
      86.36000       1.75114
      86.38000       1.75121
      86.40000       1.75129
      86.42000       1.75136
      86.43999       1.75144
      86.46000       1.75152
      86.48000       1.75159
      86.50000       1.75167
      86.52000       1.75174
      86.54000       1.75182
      86.56000       1.75190
      86.58000       1.75197
      86.60000       1.75205
      86.62000       1.75212
      86.64000       1.75220
      86.66000       1.75227
      86.68000       1.75235
      86.70000       1.75243
      86.72000       1.75250
      86.74000       1.75258
      86.75999       1.75265
      86.78000       1.75273
      86.80000       1.75280
      86.82000       1.75288
      86.84000       1.75296
      86.86000       1.75303
      86.88000       1.75311
      86.90000       1.75318
      86.92000       1.75326
      86.93999       1.75333
      86.96000       1.75341
      86.98000       1.75349
      87.00000       1.75356
      87.02000       1.75364
      87.04000       1.75371
      87.06000       1.75379
      87.08000       1.75386
      87.10000       1.75394
      87.12000       1.75402
      87.14000       1.75409
      87.16000       1.75417
      87.18000       1.75424
      87.20000       1.75432
      87.22000       1.75439
      87.24000       1.75447
      87.25999       1.75455
      87.28000       1.75462
      87.30000       1.75470
      87.32000       1.75477
      87.34000       1.75485
      87.36000       1.75493
      87.38000       1.75500
      87.40000       1.75508
      87.42000       1.75515
      87.43999       1.75523
      87.46000       1.75530
      87.48000       1.75538
      87.50000       1.75546
      87.52000       1.75553
      87.54000       1.75561
      87.56000       1.75568
      87.58000       1.75576
      87.60000       1.75583
      87.62000       1.75591
      87.64000       1.75599
      87.66000       1.75606
      87.68000       1.75614
      87.70000       1.75621
      87.72000       1.75629
      87.74000       1.75636
      87.75999       1.75644
      87.78000       1.75652
      87.80000       1.75659
      87.82000       1.75667
      87.84000       1.75674
      87.86000       1.75682
      87.88000       1.75689
      87.90000       1.75697
      87.92000       1.75705
      87.93999       1.75712
      87.96000       1.75720
      87.98000       1.75727
      88.00000       1.75735
      88.02000       1.75742
      88.04000       1.75750
      88.06000       1.75758
      88.08000       1.75765
      88.10000       1.75773
      88.12000       1.75780
      88.14000       1.75788
      88.16000       1.75796
      88.18000       1.75803
      88.20000       1.75811
      88.22000       1.75818
      88.24000       1.75826
      88.25999       1.75833
      88.28000       1.75841
      88.30000       1.75849
      88.32000       1.75856
      88.34000       1.82951
      88.36000       1.83078
      88.38000       1.83208
      88.40000       1.83341
      88.42000       1.83478
      88.43999       1.83618
      88.46000       1.83761
      88.48000       1.83908
      88.50000       1.84059
      88.52000       1.84213
      88.54000       1.84372
      88.56000       1.84534
      88.58000       1.84701
      88.60000       1.84873
      88.62000       1.85049
      88.64000       1.88815
      88.66000       1.89062
      88.68000       1.89316
      88.70000       1.89576
      88.72000       1.89844
      88.74000       1.90119
      88.75999       1.90403
      88.78000       1.90694
      88.80000       1.90994
      88.82000       1.91303
      88.84000       1.91621
      88.86000       1.91949
      88.88000       1.92287
      88.90000       1.92635
      88.92000       1.92994
      88.93999       1.93364
      88.96000       1.93747
      88.98000       1.94141
      89.00000       1.94549
      89.02000       1.94969
      89.04000       1.95405
      89.06000       1.95854
      89.08000       1.96320
      89.10000       1.96801
      89.12000       1.97300
      89.14000       1.97816
      89.16000       1.98351
      89.18000       1.98905
      89.20000       1.99480
      89.22000       2.00077
      89.24000       2.00696
      89.25999       2.01339
      89.28000       2.02008
      89.30000       2.02703
      89.32000       2.03426
      89.34000       2.04178
      89.36000       2.04962
      89.38000       2.05779
      89.40000       2.06630
      89.42000       2.07518
      89.43999       2.08446
      89.46000       2.09415
      89.48000       2.10427
      89.50000       2.11487
      89.52000       2.12596
      89.54000       2.13758
      89.56000       2.14977
      89.58000       2.16255
      89.60000       2.17598
      89.62000       2.19008
      89.64000       2.20493
      89.66000       2.22055
      89.68000       2.23703
      89.70000       2.25440
      89.72000       2.27275
      89.74000       2.29214
      89.75999       2.31266
      89.78000       2.33441
      89.80000       2.35747
      89.82000       2.38197
      89.84000       2.40800
      89.86000       2.43573
      89.88000       2.46529
      89.90000       2.49686
      89.92000       2.53061
      89.93999       2.56676
      89.96000       2.60555
      89.98000       2.64722
      90.00000       2.69210
      90.02000       2.74050
      90.04000       2.79284
      90.06000       2.84950
      90.08000       2.91104
      90.10000       2.97799
      90.12000       3.05102
      90.14000       3.13093
      90.16000       3.21856
      90.18000       3.31501
      90.20000       3.42142
      90.22000       3.53933
      90.24000       3.67033
      90.25999       3.81652
      90.28000       3.98040
      90.30000       4.16480
      90.32000       4.37347
      90.34000       4.61069
      90.36000       4.88222
      90.38000       5.19495
      90.40000       5.55853
      90.42000       5.98562
      90.43999       6.49493
      90.46000       7.11444
      90.48000       7.88581
      90.50000       8.87336
      90.52000      10.16985
      90.54000      11.90682
      90.56000      14.25265
      90.58000      17.41069
      90.60000      21.59028
      90.62000      26.97598
      90.64000      33.66626
      90.66000      41.56857
      90.68000      50.25632
      90.70000      58.70900
      90.72000      65.21211
      90.74000      67.83282
      90.75999      65.70462
      90.78000      59.78216
      90.80000      52.05966
      90.82000      44.30367
      90.84000      37.60060
      90.86000      32.46685
      90.88000      29.09582
      90.90000      27.48630
      90.92000      27.52058
      90.93999      28.97682
      90.96000      31.50223
      90.98000      34.51897
      91.00000      37.13783
      91.02000      38.27246
      91.04000      37.18672
      91.06000      34.03691
      91.08000      29.68761
      91.10000      25.06274
      91.12000      20.75797
      91.14000      17.04979
      91.16000      14.01771
      91.18000      11.62724
      91.20000       9.79394
      91.22000       8.40950
      91.24000       7.36930
      91.25999       6.58113
      91.28000       5.97260
      91.30000       5.49136
      91.32000       5.10044
      91.34000       4.77560
      91.36000       4.50030
      91.38000       4.26377
      91.40000       4.05818
      91.42000       3.87812
      91.43999       3.71927
      91.46000       3.57827
      91.48000       3.45257
      91.50000       3.33991
      91.52000       3.23858
      91.54000       3.14702
      91.56000       3.06404
      91.58000       2.98854
      91.60000       2.91966
      91.62000       2.85663
      91.64000       2.79876
      91.66000       2.74554
      91.68000       2.69644
      91.70000       2.65106
      91.72000       2.60901
      91.74000       2.56999
      91.75999       2.53369
      91.78000       2.49986
      91.80000       2.46830
      91.82000       2.43878
      91.84000       2.41115
      91.86000       2.38523
      91.88000       2.36089
      91.90000       2.33800
      91.92000       2.31646
      91.93999       2.29615
      91.96000       2.27697
      91.98000       2.25885
      92.00000       2.24171
      92.02000       2.22548
      92.04000       2.21010
      92.06000       2.19550
      92.08000       2.18164
      92.10000       2.16846
      92.12000       2.15593
      92.14000       2.14399
      92.16000       2.13262
      92.18000       2.12177
      92.20000       2.11142
      92.22000       2.10153
      92.24000       2.09208
      92.25999       2.08305
      92.28000       2.07440
      92.30000       2.06612
      92.32000       2.05818
      92.34000       2.05058
      92.36000       2.04328
      92.38000       2.03627
      92.40000       2.02954
      92.42000       2.02308
      92.43999       2.01687
      92.46000       2.01089
      92.48000       2.00514
      92.50000       1.99960
      92.52000       1.99426
      92.54000       1.98912
      92.56000       1.98416
      92.58000       1.97938
      92.60000       1.97477
      92.62000       1.97032
      92.64000       1.96602
      92.66000       1.96187
      92.68000       1.95785
      92.70000       1.95397
      92.72000       1.95022
      92.74000       1.94659
      92.75999       1.94307
      92.78000       1.93967
      92.80000       1.93638
      92.82000       1.93319
      92.84000       1.93010
      92.86000       1.92710
      92.88000       1.92419
      92.90000       1.92138
      92.92000       1.91864
      92.93999       1.91599
      92.96000       1.91341
      92.98000       1.91091
      93.00000       1.90849
      93.02000       1.90613
      93.04000       1.90384
      93.06000       1.90161
      93.08000       1.89944
      93.10000       1.89734
      93.12000       1.89529
      93.14000       1.89330
      93.16000       1.82168
      93.18000       1.82093
      93.20000       1.82020
      93.22000       1.81949
      93.24000       1.81881
      93.25999       1.81815
      93.28000       1.81750
      93.30000       1.81687
      93.32000       1.81627
      93.34000       1.81568
      93.36000       1.81510
      93.38000       1.81455
      93.40000       1.81400
      93.42000       1.81348
      93.43999       1.77795
      93.46000       1.77803
      93.48000       1.77810
      93.50000       1.77818
      93.52000       1.77826
      93.54000       1.77833
      93.56000       1.77841
      93.58000       1.77848
      93.60000       1.77856
      93.62000       1.77863
      93.64000       1.77871
      93.66000       1.77879
      93.68000       1.77886
      93.70000       1.77894
      93.72000       1.77901
      93.74000       1.77909
      93.75999       1.77916
      93.78000       1.77924
      93.80000       1.77932
      93.82000       1.77939
      93.84000       1.77947
      93.86000       1.77954
      93.88000       1.77962
      93.90000       1.77970
      93.92000       1.77977
      93.93999       1.77985
      93.96000       1.77992
      93.98000       1.78000
      94.00000       1.78007
      94.02000       1.78015
      94.04000       1.78023
      94.06000       1.78030
      94.08000       1.78038
      94.10000       1.78045
      94.12000       1.78053
      94.14000       1.78060
      94.16000       1.78068
      94.18000       1.78076
      94.20000       1.78083
      94.22000       1.78091
      94.24000       1.78098
      94.25999       1.78106
      94.28000       1.78113
      94.30000       1.78121
      94.32000       1.78129
      94.34000       1.78136
      94.36000       1.78144
      94.38000       1.78151
      94.40000       1.78159
      94.42000       1.78166
      94.43999       1.78174
      94.46000       1.78182
      94.48000       1.78189
      94.50000       1.78197
      94.52000       1.78204
      94.54000       1.78212
      94.56000       1.78219
      94.58000       1.78227
      94.60000       1.78235
      94.62000       1.78242
      94.64000       1.78250
      94.66000       1.78257
      94.68000       1.78265
      94.70000       1.78272
      94.72000       1.78280
      94.74000       1.78288
      94.75999       1.78295
      94.78000       1.78303
      94.80000       1.78310
      94.82000       1.78318
      94.84000       1.78326
      94.86000       1.78333
      94.88000       1.78341
      94.90000       1.78348
      94.92000       1.78356
      94.93999       1.78363
      94.96000       1.78371
      94.98000       1.78379
      95.00000       1.78386
      95.02000       1.78394
      95.04000       1.78401
      95.06000       1.78409
      95.08000       1.78416
      95.10000       1.78424
      95.12000       1.78432
      95.14000       1.78439
      95.16000       1.78447
      95.18000       1.78454
      95.20000       1.78462
      95.22000       1.78469
      95.24000       1.78477
      95.25999       1.78485
      95.28000       1.78492
      95.30000       1.78500
      95.32000       1.78507
      95.34000       1.78515
      95.36000       1.78522
      95.38000       1.78530
      95.40000       1.78538
      95.42000       1.78545
      95.43999       1.78553
      95.46000       1.78560
      95.48000       1.78568
      95.50000       1.78575
      95.52000       1.78583
      95.54000       1.78591
      95.56000       1.78598
      95.58000       1.78606
      95.60000       1.78613
      95.62000       1.78621
      95.64000       1.78629
      95.66000       1.78636
      95.68000       1.78644
      95.70000       1.78651
      95.72000       1.78659
      95.74000       1.78666
      95.75999       1.78674
      95.78000       1.78682
      95.80000       1.78689
      95.82000       1.78697
      95.84000       1.78704
      95.86000       1.78712
      95.88000       1.78719
      95.90000       1.78727
      95.92000       1.78735
      95.93999       1.78742
      95.96000       1.78750
      95.98000       1.78757
      96.00000       1.78765
      96.02000       1.78772
      96.04000       1.78780
      96.06000       1.78788
      96.08000       1.78795
      96.10000       1.78803
      96.12000       1.78810
      96.14000       1.78818
      96.16000       1.78825
      96.18000       1.78833
      96.20000       1.78841
      96.22000       1.78848
      96.24000       1.78856
      96.25999       1.78863
      96.28000       1.78871
      96.30000       1.78878
      96.32000       1.78886
      96.34000       1.78894
      96.36000       1.78901
      96.38000       1.78909
      96.40000       1.78916
      96.42000       1.78924
      96.43999       1.78932
      96.46000       1.78939
      96.48000       1.78947
      96.50000       1.78954
      96.52000       1.78962
      96.54000       1.78969
      96.56000       1.78977
      96.58000       1.78985
      96.60000       1.78992
      96.62000       1.79000
      96.64000       1.79007
      96.66000       1.79015
      96.68000       1.79022
      96.70000       1.79030
      96.72000       1.79038
      96.74000       1.79045
      96.75999       1.79053
      96.78000       1.79060
      96.80000       1.79068
      96.82000       1.79075
      96.84000       1.79083
      96.86000       1.79091
      96.88000       1.79098
      96.90000       1.79106
      96.92000       1.79113
      96.93999       1.79121
      96.96000       1.79128
      96.98000       1.79136
      97.00000       1.79144
      97.02000       1.79151
      97.04000       1.79159
      97.06000       1.79166
      97.08000       1.79174
      97.10000       1.79181
      97.12000       1.79189
      97.14000       1.79197
      97.16000       1.79204
      97.18000       1.79212
      97.20000       1.79219
      97.22000       1.79227
      97.24000       1.79235
      97.25999       1.79242
      97.28000       1.79250
      97.30000       1.79257
      97.32000       1.79265
      97.34000       1.79272
      97.36000       1.79280
      97.38000       1.79288
      97.40000       1.79295
      97.42000       1.79303
      97.43999       1.79310
      97.46000       1.79318
      97.48000       1.79325
      97.50000       1.79333
      97.52000       1.79341
      97.54000       1.79348
      97.56000       1.79356
      97.58000       1.79363
      97.60000       1.79371
      97.62000       1.79378
      97.64000       1.79386
      97.66000       1.79394
      97.68000       1.79401
      97.70000       1.79409
      97.72000       1.79416
      97.74000       1.79424
      97.75999       1.79431
      97.78000       1.79439
      97.80000       1.79447
      97.82000       1.79454
      97.84000       1.79462
      97.86000       1.79469
      97.88000       1.79477
      97.90000       1.79484
      97.92000       1.79492
      97.93999       1.79500
      97.96000       1.79507
      97.98000       1.79515
      98.00000       1.79522
      98.02000       1.79530
      98.04000       1.79538
      98.06000       1.79545
      98.08000       1.79553
      98.10000       1.79560
      98.12000       1.79568
      98.14000       1.79575
      98.16000       1.79583
      98.18000       1.79591
      98.20000       1.79598
      98.22000       1.79606
      98.24000       1.79613
      98.25999       1.79621
      98.28000       1.79628
      98.30000       1.79636
      98.32000       1.79644
      98.34000       1.79651
      98.36000       1.79659
      98.38000       1.79666
      98.40000       1.79674
      98.42000       1.79681
      98.43999       1.79689
      98.46000       1.79697
      98.48000       1.79704
      98.50000       1.79712
      98.52000       1.79719
      98.54000       1.79727
      98.56000       1.79734
      98.58000       1.79742
      98.60000       1.79750
      98.62000       1.79757
      98.64000       1.79765
      98.66000       1.79772
      98.68000       1.79780
      98.70000       1.79787
      98.72000       1.79795
      98.74000       1.79803
      98.75999       1.79810
      98.78000       1.79818
      98.80000       1.79825
      98.82000       1.79833
      98.84000       1.79841
      98.86000       1.79848
      98.88000       1.79856
      98.90000       1.79863
      98.92000       1.79871
      98.93999       1.79878
      98.96000       1.79886
      98.98000       1.79894
      99.00000       1.79901
      99.02000       1.79909
      99.04000       1.79916
      99.06000       1.79924
      99.07999       1.79931
      99.10000       1.79939
      99.12000       1.79947
      99.14000       1.79954
      99.16000       1.79962
      99.18000       1.79969
      99.20000       1.79977
      99.22000       1.79984
      99.24000       1.79992
      99.25999       1.80000
      99.28000       1.80007
      99.30000       1.80015
      99.32000       1.80022
      99.34000       1.80030
      99.36000       1.80037
      99.38000       1.80045
      99.40000       1.80053
      99.42000       1.80060
      99.43999       1.80068
      99.46000       1.80075
      99.48000       1.80083
      99.50000       1.80090
      99.52000       1.80098
      99.54000       1.80106
      99.56000       1.80113
      99.57999       1.80121
      99.60000       1.80128
      99.62000       1.80136
      99.64000       1.80143
      99.66000       1.80151
      99.68000       1.80159
      99.70000       1.80166
      99.72000       1.80174
      99.74000       1.80181
      99.75999       1.80189
      99.78000       1.80197
      99.80000       1.80204
      99.82000       1.80212
      99.84000       1.80219
      99.86000       1.80227
      99.88000       1.80234
      99.90000       1.80242
      99.92000       1.80250
      99.93999       1.80257
      99.96000       1.80265
      99.98000       1.80272
     100.00000       1.80280
     100.02000       1.80287
     100.04000       1.80295
     100.06000       1.80303
     100.07999       1.80310
     100.10000       1.80318
     100.12000       1.80325
     100.14000       1.80333
     100.16000       1.80340
     100.18000       1.80348
     100.20000       1.80356
     100.22000       1.80363
     100.24000       1.80371
     100.25999       1.80378
     100.28000       1.80386
     100.30000       1.80393
     100.32000       1.80401
     100.34000       1.80409
     100.36000       1.80416
     100.38000       1.80424
     100.40000       1.80431
     100.42000       1.80439
     100.43999       1.80446
     100.46000       1.80454
     100.48000       1.80462
     100.50000       1.80469
     100.52000       1.80477
     100.54000       1.80484
     100.56000       1.80492
     100.57999       1.80500
     100.60000       1.80507
     100.62000       1.80515
     100.64000       1.80522
     100.66000       1.80530
     100.68000       1.80537
     100.70000       1.80545
     100.72000       1.80553
     100.74000       1.80560
     100.75999       1.80568
     100.78000       1.80575
     100.80000       1.80583
     100.82000       1.80590
     100.84000       1.80598
     100.86000       1.80606
     100.88000       1.80613
     100.90000       1.80621
     100.92000       1.80628
     100.93999       1.80636
     100.96000       1.80643
     100.98000       1.80651
     101.00000       1.80659
     101.02000       1.80666
     101.04000       1.80674
     101.06000       1.80681
     101.07999       1.80689
     101.10000       1.80696
     101.12000       1.80704
     101.14000       1.80712
     101.16000       1.80719
     101.18000       1.80727
     101.20000       1.80734
     101.22000       1.80742
     101.24000       1.80749
     101.25999       1.80757
     101.28000       1.80765
     101.30000       1.80772
     101.32000       1.80780
     101.34000       1.80787
     101.36000       1.80795
     101.38000       1.80803
     101.40000       1.80810
     101.42000       1.80818
     101.43999       1.80825
     101.46000       1.80833
     101.48000       1.80840
     101.50000       1.80848
     101.52000       1.80856
     101.54000       1.80863
     101.56000       1.80871
     101.57999       1.80878
     101.60000       1.80886
     101.62000       1.80893
     101.64000       1.80901
     101.66000       1.80909
     101.68000       1.80916
     101.70000       1.80924
     101.72000       1.80931
     101.74000       1.80939
     101.75999       1.80946
     101.78000       1.80954
     101.80000       1.80962
     101.82000       1.80969
     101.84000       1.80977
     101.86000       1.80984
     101.88000       1.80992
     101.90000       1.80999
     101.92000       1.81007
     101.93999       1.81015
     101.96000       1.81022
     101.98000       1.81030
     102.00000       1.81037
     102.02000       1.81045
     102.04000       1.81052
     102.06000       1.81060
     102.07999       1.81068
     102.10000       1.81075
     102.12000       1.81083
     102.14000       1.81090
     102.16000       1.81098
     102.18000       1.81106
     102.20000       1.81113
     102.22000       1.81121
     102.24000       1.81128
     102.25999       1.81136
     102.28000       1.81143
     102.30000       1.81151
     102.32000       1.81159
     102.34000       1.81166
     102.36000       1.81174
     102.38000       1.81181
     102.40000       1.81189
     102.42000       1.81196
     102.43999       1.81204
     102.46000       1.81212
     102.48000       1.81219
     102.50000       1.81227
     102.52000       1.81234
     102.54000       1.81242
     102.56000       1.81249
     102.57999       1.81257
     102.60000       1.81265
     102.62000       1.81272
     102.64000       1.81280
     102.66000       1.81287
     102.68000       1.81295
     102.70000       1.81302
     102.72000       1.81310
     102.74000       1.81318
     102.75999       1.81325
     102.78000       1.81333
     102.80000       1.81340
     102.82000       1.81348
     102.84000       1.81355
     102.86000       1.81363
     102.88000       1.81371
     102.90000       1.81378
     102.92000       1.81386
     102.93999       1.81393
     102.96000       1.81401
     102.98000       1.81409
     103.00000       1.81416
     103.02000       1.81424
     103.04000       1.81431
     103.06000       1.81439
     103.07999       1.81446
     103.10000       1.81454
     103.12000       1.81462
     103.14000       1.81469
     103.16000       1.81477
     103.18000       1.81484
     103.20000       1.81492
     103.22000       1.81499
     103.24000       1.81507
     103.25999       1.81515
     103.28000       1.81522
     103.30000       1.81530
     103.32000       1.81537
     103.34000       1.81545
     103.36000       1.81552
     103.38000       1.81560
     103.40000       1.81568
     103.42000       1.81575
     103.43999       1.81583
     103.46000       1.81590
     103.48000       1.81598
     103.50000       1.81605
     103.52000       1.81613
     103.54000       1.81621
     103.56000       1.81628
     103.57999       1.81636
     103.60000       1.81643
     103.62000       1.81651
     103.64000       1.81658
     103.66000       1.81666
     103.68000       1.81674
     103.70000       1.81681
     103.72000       1.81689
     103.74000       1.81696
     103.75999       1.81704
     103.78000       1.81712
     103.80000       1.81719
     103.82000       1.81727
     103.84000       1.81734
     103.86000       1.81742
     103.88000       1.81749
     103.90000       1.81757
     103.92000       1.81765
     103.93999       1.81772
     103.96000       1.81780
     103.98000       1.81787
     104.00000       1.81795
     104.02000       1.81802
     104.04000       1.81810
     104.06000       1.81818
     104.07999       1.81825
     104.10000       1.81833
     104.12000       1.81840
     104.14000       1.81848
     104.16000       1.81855
     104.18000       1.81863
     104.20000       1.81871
     104.22000       1.81878
     104.24000       1.81886
     104.25999       1.81893
     104.28000       1.81901
     104.30000       1.81908
     104.32000       1.81916
     104.34000       1.81924
     104.36000       1.81931
     104.38000       1.81939
     104.40000       1.81946
     104.42000       1.81954
     104.43999       1.81961
     104.46000       1.81969
     104.48000       1.81977
     104.50000       1.81984
     104.52000       1.81992
     104.54000       1.81999
     104.56000       1.82007
     104.57999       1.82015
     104.60000       1.82022
     104.62000       1.82030
     104.64000       1.82037
     104.66000       1.82045
     104.68000       1.82052
     104.70000       1.82060
     104.72000       1.82068
     104.74000       1.82075
     104.75999       1.82083
     104.78000       1.82090
     104.80000       1.82098
     104.82000       1.82105
     104.84000       1.82113
     104.86000       1.82121
     104.88000       1.82128
     104.90000       1.82136
     104.92000       1.82143
     104.93999       1.82151
     104.96000       1.82158
     104.98000       1.82166
     105.00000       1.82174
     105.02000       1.82181
     105.04000       1.82189
     105.06000       1.82196
     105.07999       1.82204
     105.10000       1.82211
     105.12000       1.82219
     105.14000       1.82227
     105.16000       1.82234
     105.18000       1.82242
     105.20000       1.82249
     105.22000       1.82257
     105.24000       1.82264
     105.25999       1.82272
     105.28000       1.82280
     105.30000       1.82287
     105.32000       1.82295
     105.34000       1.82302
     105.36000       1.82310
     105.38000       1.82317
     105.40000       1.82325
     105.42000       1.82333
     105.43999       1.82340
     105.46000       1.82348
     105.48000       1.82355
     105.50000       1.82363
     105.52000       1.82371
     105.54000       1.82378
     105.56000       1.82386
     105.57999       1.82393
     105.60000       1.82401
     105.62000       1.82408
     105.64000       1.82416
     105.66000       1.82424
     105.68000       1.82431
     105.70000       1.82439
     105.72000       1.82446
     105.74000       1.82454
     105.75999       1.82461
     105.78000       1.82469
     105.80000       1.82477
     105.82000       1.82484
     105.84000       1.82492
     105.86000       1.82499
     105.88000       1.82507
     105.90000       1.82514
     105.92000       1.82522
     105.93999       1.82530
     105.96000       1.82537
     105.98000       1.82545
     106.00000       1.82552
     106.02000       1.82560
     106.04000       1.82567
     106.06000       1.82575
     106.07999       1.82583
     106.10000       1.82590
     106.12000       1.82598
     106.14000       1.82605
     106.16000       1.82613
     106.18000       1.82620
     106.20000       1.82628
     106.22000       1.82636
     106.24000       1.82643
     106.25999       1.82651
     106.28000       1.82658
     106.30000       1.82666
     106.32000       1.82674
     106.34000       1.82681
     106.36000       1.82689
     106.38000       1.82696
     106.40000       1.82704
     106.42000       1.82711
     106.43999       1.82719
     106.46000       1.82727
     106.48000       1.82734
     106.50000       1.82742
     106.52000       1.82749
     106.54000       1.82757
     106.56000       1.82764
     106.57999       1.82772
     106.60000       1.82780
     106.62000       1.82787
     106.64000       1.82795
     106.66000       1.82802
     106.68000       1.82810
     106.70000       1.82817
     106.72000       1.82825
     106.74000       1.82833
     106.75999       1.82840
     106.78000       1.82848
     106.80000       1.82855
     106.82000       1.82863
     106.84000       1.82870
     106.86000       1.82878
     106.88000       1.82886
     106.90000       1.82893
     106.92000       1.82901
     106.93999       1.82908
     106.96000       1.82916
     106.98000       1.82923
     107.00000       1.82931
     107.02000       1.82939
     107.04000       1.82946
     107.06000       1.82954
     107.07999       1.82961
     107.10000       1.82969
     107.12000       1.82977
     107.14000       1.82984
     107.16000       1.82992
     107.18000       1.82999
     107.20000       1.83007
     107.22000       1.83014
     107.24000       1.83022
     107.25999       1.83030
     107.28000       1.83037
     107.30000       1.83045
     107.32000       1.83052
     107.34000       1.83060
     107.36000       1.83067
     107.38000       1.83075
     107.40000       1.83083
     107.42000       1.83090
     107.43999       1.83098
     107.46000       1.83105
     107.48000       1.83113
     107.50000       1.83120
     107.52000       1.83128
     107.54000       1.83136
     107.56000       1.83143
     107.57999       1.83151
     107.60000       1.83158
     107.62000       1.83166
     107.64000       1.83173
     107.66000       1.83181
     107.68000       1.83189
     107.70000       1.83196
     107.72000       1.83204
     107.74000       1.83211
     107.75999       1.83219
     107.78000       1.83226
     107.80000       1.83234
     107.82000       1.83242
     107.84000       1.83249
     107.86000       1.83257
     107.88000       1.83264
     107.90000       1.83272
     107.92000       1.83280
     107.93999       1.83287
     107.96000       1.83295
     107.98000       1.83302
     108.00000       1.83310
     108.02000       1.83317
     108.04000       1.83325
     108.06000       1.83333
     108.07999       1.83340
     108.10000       1.83348
     108.12000       1.83355
     108.14000       1.83363
     108.16000       1.83370
     108.18000       1.83378
     108.20000       1.83386
     108.22000       1.83393
     108.24000       1.83401
     108.25999       1.83408
     108.28000       1.83416
     108.30000       1.83423
     108.32000       1.83431
     108.34000       1.83439
     108.36000       1.83446
     108.38000       1.83454
     108.40000       1.83461
     108.42000       1.83469
     108.43999       1.83476
     108.46000       1.83484
     108.48000       1.83492
     108.50000       1.83499
     108.52000       1.83507
     108.54000       1.83514
     108.56000       1.83522
     108.57999       1.83529
     108.60000       1.83537
     108.62000       1.83545
     108.64000       1.83552
     108.66000       1.83560
     108.68000       1.83567
     108.70000       1.83575
     108.72000       1.83583
     108.74000       1.83590
     108.75999       1.83598
     108.78000       1.83605
     108.80000       1.83613
     108.82000       1.83620
     108.84000       1.83628
     108.86000       1.83636
     108.88000       1.83643
     108.90000       1.83651
     108.92000       1.83658
     108.93999       1.83666
     108.96000       1.83673
     108.98000       1.83681
     109.00000       1.83689
     109.02000       1.83696
     109.04000       1.83704
     109.06000       1.83711
     109.07999       1.83719
     109.10000       1.83726
     109.12000       1.83734
     109.14000       1.83742
     109.16000       1.83749
     109.18000       1.83757
     109.20000       1.83764
     109.22000       1.83772
     109.24000       1.83779
     109.25999       1.83787
     109.28000       1.83795
     109.30000       1.83802
     109.32000       1.83810
     109.34000       1.83817
     109.36000       1.83825
     109.38000       1.83832
     109.40000       1.83840
     109.42000       1.83848
     109.43999       1.83855
     109.46000       1.83863
     109.48000       1.83870
     109.50000       1.83878
     109.52000       1.83886
     109.54000       1.83893
     109.56000       1.83901
     109.57999       1.83908
     109.60000       1.83916
     109.62000       1.83923
     109.64000       1.83931
     109.66000       1.83939
     109.68000       1.83946
     109.70000       1.83954
     109.72000       1.83961
     109.74000       1.83969
     109.75999       1.83976
     109.78000       1.83984
     109.80000       1.83992
     109.82000       1.83999
     109.84000       1.84007
     109.86000       1.84014
     109.88000       1.84022
     109.90000       1.84029
     109.92000       1.84037
     109.93999       1.84045
     109.96000       1.84052
     109.98000       1.84060
     110.00000       1.84067
     110.02000       1.84075
     110.04000       1.84082
     110.06000       1.84090
     110.07999       1.84098
     110.10000       1.84105
     110.12000       1.84113
     110.14000       1.84120
     110.16000       1.84128
     110.18000       1.84135
     110.20000       1.84143
     110.22000       1.84151
     110.24000       1.84158
     110.25999       1.84166
     110.28000       1.84173
     110.30000       1.84181
     110.32000       1.84188
     110.34000       1.84196
     110.36000       1.84204
     110.38000       1.84211
     110.40000       1.84219
     110.42000       1.84226
     110.43999       1.84234
     110.46000       1.84242
     110.48000       1.84249
     110.50000       1.84257
     110.52000       1.84264
     110.54000       1.84272
     110.56000       1.84279
     110.57999       1.84287
     110.60000       1.84295
     110.62000       1.84302
     110.64000       1.84310
     110.66000       1.84317
     110.68000       1.84325
     110.70000       1.84332
     110.72000       1.84340
     110.74000       1.84348
     110.75999       1.84355
     110.78000       1.84363
     110.80000       1.84370
     110.82000       1.84378
     110.84000       1.84385
     110.86000       1.84393
     110.88000       1.84401
     110.90000       1.84408
     110.92000       1.84416
     110.93999       1.84423
     110.96000       1.84431
     110.98000       1.84438
     111.00000       1.84446
     111.02000       1.84454
     111.04000       1.84461
     111.06000       1.84469
     111.07999       1.84476
     111.10000       1.84484
     111.12000       1.84491
     111.14000       1.84499
     111.16000       1.84507
     111.18000       1.84514
     111.20000       1.84522
     111.22000       1.84529
     111.24000       1.84537
     111.25999       1.84545
     111.28000       1.84552
     111.30000       1.84560
     111.32000       1.84567
     111.34000       1.84575
     111.36000       1.84582
     111.38000       1.84590
     111.40000       1.84598
     111.42000       1.84605
     111.43999       1.84613
     111.46000       1.84620
     111.48000       1.84628
     111.50000       1.84635
     111.52000       1.84643
     111.54000       1.84651
     111.56000       1.84658
     111.57999       1.84666
     111.60000       1.84673
     111.62000       1.84681
     111.64000       1.84688
     111.66000       1.84696
     111.68000       1.84704
     111.70000       1.84711
     111.72000       1.84719
     111.74000       1.84726
     111.75999       1.84734
     111.78000       1.84741
     111.80000       1.84749
     111.82000       1.84757
     111.84000       1.84764
     111.86000       1.84772
     111.88000       1.84779
     111.90000       1.84787
     111.92000       1.84794
     111.93999       1.84802
     111.96000       1.84810
     111.98000       1.84817
     112.00000       1.84825
     112.02000       1.84832
     112.04000       1.84840
     112.06000       1.84848
     112.07999       1.84855
     112.10000       1.84863
     112.12000       1.84870
     112.14000       1.84878
     112.16000       1.84885
     112.18000       1.84893
     112.20000       1.84901
     112.22000       1.84908
     112.24000       1.84916
     112.25999       1.84923
     112.28000       1.84931
     112.30000       1.84938
     112.32000       1.84946
     112.34000       1.84954
     112.36000       1.84961
     112.38000       1.84969
     112.39999       1.84976
     112.42000       1.84984
     112.43999       1.84991
     112.46000       1.84999
     112.48000       1.85007
     112.50000       1.85014
     112.52000       1.85022
     112.54000       1.85029
     112.56000       1.85037
     112.57999       1.85044
     112.60000       1.85052
     112.62000       1.85060
     112.64000       1.85067
     112.66000       1.85075
     112.68000       1.85082
     112.70000       1.85090
     112.72000       1.85097
     112.74000       1.85105
     112.75999       1.85113
     112.78000       1.85120
     112.80000       1.85128
     112.82000       1.85135
     112.84000       1.85143
     112.86000       1.85151
     112.88000       1.85158
     112.89999       1.85166
     112.92000       1.85173
     112.93999       1.85181
     112.96000       1.85188
     112.98000       1.85196
     113.00000       1.85204
     113.02000       1.85211
     113.04000       1.85219
     113.06000       1.85226
     113.07999       1.85234
     113.10000       1.85241
     113.12000       1.85249
     113.14000       1.85257
     113.16000       1.85264
     113.18000       1.85272
     113.20000       1.85279
     113.22000       1.85287
     113.24000       1.85294
     113.25999       1.85302
     113.28000       1.85310
     113.30000       1.85317
     113.32000       1.85325
     113.34000       1.85332
     113.36000       1.85340
     113.38000       1.85347
     113.39999       1.85355
     113.42000       1.85363
     113.43999       1.85370
     113.46000       1.85378
     113.48000       1.85385
     113.50000       1.85393
     113.52000       1.85400
     113.54000       1.85408
     113.56000       1.85416
     113.57999       1.85423
     113.60000       1.85431
     113.62000       1.85438
     113.64000       1.85446
     113.66000       1.85454
     113.68000       1.85461
     113.70000       1.85469
     113.72000       1.85476
     113.74000       1.85484
     113.75999       1.85491
     113.78000       1.85499
     113.80000       1.85507
     113.82000       1.85514
     113.84000       1.85522
     113.86000       1.85529
     113.88000       1.85537
     113.89999       1.85544
     113.92000       1.85552
     113.93999       1.85560
     113.96000       1.85567
     113.98000       1.85575
     114.00000       1.85582
     114.02000       1.85590
     114.04000       1.85597
     114.06000       1.85605
     114.07999       1.85613
     114.10000       1.85620
     114.12000       1.85628
     114.14000       1.85635
     114.16000       1.85643
     114.18000       1.85650
     114.20000       1.85658
     114.22000       1.85666
     114.24000       1.85673
     114.25999       1.85681
     114.28000       1.85688
     114.30000       1.85696
     114.32000       1.85703
     114.34000       1.85711
     114.36000       1.85719
     114.38000       1.85726
     114.39999       1.85734
     114.42000       1.85741
     114.43999       1.85749
     114.46000       1.85757
     114.48000       1.85764
     114.50000       1.85772
     114.52000       1.85779
     114.54000       1.85787
     114.56000       1.85794
     114.57999       1.85802
     114.60000       1.85810
     114.62000       1.85817
     114.64000       1.85825
     114.66000       1.85832
     114.68000       1.85840
     114.70000       1.85847
     114.72000       1.85855
     114.74000       1.85863
     114.75999       1.85870
     114.78000       1.85878
     114.80000       1.85885
     114.82000       1.85893
     114.84000       1.85900
     114.86000       1.85908
     114.88000       1.85916
     114.89999       1.85923
     114.92000       1.85931
     114.93999       1.85938
     114.96000       1.85946
     114.98000       1.85953
     115.00000       1.85961
     115.02000       1.85969
     115.04000       1.85976
     115.06000       1.85984
     115.07999       1.85991
     115.10000       1.85999
     115.12000       1.86006
     115.14000       1.86014
     115.16000       1.86022
     115.18000       1.86029
     115.20000       1.86037
     115.22000       1.86044
     115.24000       1.86052
     115.25999       1.86059
     115.28000       1.86067
     115.30000       1.86075
     115.32000       1.86082
     115.34000       1.86090
     115.36000       1.86097
     115.38000       1.86105
     115.39999       1.86113
     115.42000       1.86120
     115.43999       1.86128
     115.46000       1.86135
     115.48000       1.86143
     115.50000       1.86150
     115.52000       1.86158
     115.54000       1.86166
     115.56000       1.86173
     115.57999       1.86181
     115.60000       1.86188
     115.62000       1.86196
     115.64000       1.86203
     115.66000       1.86211
     115.68000       1.86219
     115.70000       1.86226
     115.72000       1.86234
     115.74000       1.86241
     115.75999       1.86249
     115.78000       1.86256
     115.80000       1.86264
     115.82000       1.86272
     115.84000       1.86279
     115.86000       1.86287
     115.88000       1.86294
     115.89999       1.86302
     115.92000       1.86309
     115.93999       1.86317
     115.96000       1.86325
     115.98000       1.86332
     116.00000       1.86340
     116.02000       1.86347
     116.04000       1.86355
     116.06000       1.86362
     116.07999       1.86370
     116.10000       1.86378
     116.12000       1.86385
     116.14000       1.86393
     116.16000       1.86400
     116.18000       1.86408
     116.20000       1.86416
     116.22000       1.86423
     116.24000       1.86431
     116.25999       1.86438
     116.28000       1.86446
     116.30000       1.86453
     116.32000       1.86461
     116.34000       1.86469
     116.36000       1.86476
     116.38000       1.86484
     116.39999       1.86491
     116.42000       1.86499
